-60.4750, -16.2250
-60.4750, -13.2750
-60.4750, -10.3250
-60.4750, -7.3750
-60.4750, -4.4250
-60.4750, -1.4750
-60.4750, 1.4750
-60.4750, 4.4250
-60.4750, 7.3750
-60.4750, 10.3250
-60.4750, 13.2750
-60.4750, 16.2250
-57.5250, -16.2250
-57.5250, -13.2750
-57.5250, -10.3250
-57.5250, -7.3750
-57.5250, -4.4250
-57.5250, -1.4750
-57.5250, 1.4750
-57.5250, 4.4250
-57.5250, 7.3750
-57.5250, 10.3250
-57.5250, 13.2750
-57.5250, 16.2250
-54.5750, -16.2250
-54.5750, -13.2750
-54.5750, -10.3250
-54.5750, -7.3750
-54.5750, -4.4250
-54.5750, -1.4750
-54.5750, 1.4750
-54.5750, 4.4250
-54.5750, 7.3750
-54.5750, 10.3250
-54.5750, 13.2750
-54.5750, 16.2250
-51.6250, -33.9250
-51.6250, -30.9750
-51.6250, -28.0250
-51.6250, -25.0750
-51.6250, -22.1250
-51.6250, -19.1750
-51.6250, -16.2250
-51.6250, -13.2750
-51.6250, -10.3250
-51.6250, -7.3750
-51.6250, -4.4250
-51.6250, -1.4750
-51.6250, 1.4750
-51.6250, 7.3750
-51.6250, 10.3250
-51.6250, 13.2750
-51.6250, 16.2250
-51.6250, 19.1750
-51.6250, 22.1250
-51.6250, 25.0750
-51.6250, 28.0250
-51.6250, 30.9750
-51.6250, 33.9250
-48.6750, -33.9250
-48.6750, -30.9750
-48.6750, -28.0250
-48.6750, -25.0750
-48.6750, -22.1250
-48.6750, -19.1750
-48.6750, -16.2250
-48.6750, -13.2750
-48.6750, -10.3250
-48.6750, -7.3750
-48.6750, -4.4250
-48.6750, -1.4750
-48.6750, 1.4750
-48.6750, 7.3750
-48.6750, 10.3250
-48.6750, 13.2750
-48.6750, 16.2250
-48.6750, 19.1750
-48.6750, 22.1250
-48.6750, 25.0750
-48.6750, 28.0250
-48.6750, 30.9750
-48.6750, 33.9250
-45.7250, -33.9250
-45.7250, -30.9750
-45.7250, -28.0250
-45.7250, -25.0750
-45.7250, -22.1250
-45.7250, -19.1750
-45.7250, -16.2250
-45.7250, -13.2750
-45.7250, -10.3250
-45.7250, -7.3750
-45.7250, -4.4250
-45.7250, -1.4750
-45.7250, 1.4750
-45.7250, 7.3750
-45.7250, 10.3250
-45.7250, 13.2750
-45.7250, 16.2250
-45.7250, 19.1750
-45.7250, 22.1250
-45.7250, 25.0750
-45.7250, 28.0250
-45.7250, 30.9750
-45.7250, 33.9250
-42.7750, -42.7750
-42.7750, -39.8250
-42.7750, -36.8750
-42.7750, -33.9250
-42.7750, -30.9750
-42.7750, -28.0250
-42.7750, -25.0750
-42.7750, -22.1250
-42.7750, -19.1750
-42.7750, -16.2250
-42.7750, -13.2750
-42.7750, -10.3250
-42.7750, -7.3750
-42.7750, -4.4250
-42.7750, -1.4750
-42.7750, 1.4750
-42.7750, 4.4250
-42.7750, 7.3750
-42.7750, 10.3250
-42.7750, 13.2750
-42.7750, 16.2250
-42.7750, 19.1750
-42.7750, 22.1250
-42.7750, 25.0750
-42.7750, 28.0250
-42.7750, 30.9750
-42.7750, 33.9250
-42.7750, 36.8750
-42.7750, 39.8250
-42.7750, 42.7750
-39.8250, -42.7750
-39.8250, -39.8250
-39.8250, -36.8750
-39.8250, -33.9250
-39.8250, -30.9750
-39.8250, -28.0250
-39.8250, -25.0750
-39.8250, -22.1250
-39.8250, -19.1750
-39.8250, -16.2250
-39.8250, -13.2750
-39.8250, -10.3250
-39.8250, -7.3750
-39.8250, -4.4250
-39.8250, -1.4750
-39.8250, 1.4750
-39.8250, 4.4250
-39.8250, 7.3750
-39.8250, 10.3250
-39.8250, 13.2750
-39.8250, 16.2250
-39.8250, 19.1750
-39.8250, 22.1250
-39.8250, 25.0750
-39.8250, 28.0250
-39.8250, 30.9750
-39.8250, 33.9250
-39.8250, 36.8750
-39.8250, 39.8250
-39.8250, 42.7750
-36.8750, -42.7750
-36.8750, -39.8250
-36.8750, -36.8750
-36.8750, -33.9250
-36.8750, -30.9750
-36.8750, -28.0250
-36.8750, -25.0750
-36.8750, -22.1250
-36.8750, -19.1750
-36.8750, -16.2250
-36.8750, -13.2750
-36.8750, -10.3250
-36.8750, -7.3750
-36.8750, -4.4250
-36.8750, -1.4750
-36.8750, 1.4750
-36.8750, 4.4250
-36.8750, 7.3750
-36.8750, 10.3250
-36.8750, 13.2750
-36.8750, 16.2250
-36.8750, 19.1750
-36.8750, 22.1250
-36.8750, 25.0750
-36.8750, 28.0250
-36.8750, 30.9750
-36.8750, 33.9250
-36.8750, 36.8750
-36.8750, 39.8250
-36.8750, 42.7750
-33.9250, -51.6250
-33.9250, -48.6750
-33.9250, -45.7250
-33.9250, -42.7750
-33.9250, -39.8250
-33.9250, -36.8750
-33.9250, -33.9250
-33.9250, -30.9750
-33.9250, -28.0250
-33.9250, -25.0750
-33.9250, -22.1250
-33.9250, -19.1750
-33.9250, -16.2250
-33.9250, -13.2750
-33.9250, -10.3250
-33.9250, -7.3750
-33.9250, -4.4250
-33.9250, -1.4750
-33.9250, 1.4750
-33.9250, 4.4250
-33.9250, 7.3750
-33.9250, 10.3250
-33.9250, 13.2750
-33.9250, 16.2250
-33.9250, 19.1750
-33.9250, 22.1250
-33.9250, 25.0750
-33.9250, 28.0250
-33.9250, 30.9750
-33.9250, 33.9250
-33.9250, 36.8750
-33.9250, 39.8250
-33.9250, 42.7750
-33.9250, 45.7250
-33.9250, 48.6750
-33.9250, 51.6250
-30.9750, -51.6250
-30.9750, -48.6750
-30.9750, -45.7250
-30.9750, -42.7750
-30.9750, -39.8250
-30.9750, -36.8750
-30.9750, -33.9250
-30.9750, -30.9750
-30.9750, -28.0250
-30.9750, -25.0750
-30.9750, -22.1250
-30.9750, -19.1750
-30.9750, -16.2250
-30.9750, -13.2750
-30.9750, -10.3250
-30.9750, -7.3750
-30.9750, -4.4250
-30.9750, -1.4750
-30.9750, 1.4750
-30.9750, 4.4250
-30.9750, 7.3750
-30.9750, 10.3250
-30.9750, 13.2750
-30.9750, 16.2250
-30.9750, 19.1750
-30.9750, 22.1250
-30.9750, 25.0750
-30.9750, 28.0250
-30.9750, 30.9750
-30.9750, 33.9250
-30.9750, 36.8750
-30.9750, 39.8250
-30.9750, 42.7750
-30.9750, 45.7250
-30.9750, 48.6750
-30.9750, 51.6250
-28.0250, -51.6250
-28.0250, -48.6750
-28.0250, -45.7250
-28.0250, -42.7750
-28.0250, -39.8250
-28.0250, -36.8750
-28.0250, -33.9250
-28.0250, -30.9750
-28.0250, -28.0250
-28.0250, -25.0750
-28.0250, -22.1250
-28.0250, -19.1750
-28.0250, -16.2250
-28.0250, -13.2750
-28.0250, -10.3250
-28.0250, -7.3750
-28.0250, -4.4250
-28.0250, -1.4750
-28.0250, 1.4750
-28.0250, 4.4250
-28.0250, 7.3750
-28.0250, 10.3250
-28.0250, 13.2750
-28.0250, 16.2250
-28.0250, 19.1750
-28.0250, 22.1250
-28.0250, 25.0750
-28.0250, 28.0250
-28.0250, 30.9750
-28.0250, 33.9250
-28.0250, 36.8750
-28.0250, 39.8250
-28.0250, 42.7750
-28.0250, 45.7250
-28.0250, 48.6750
-28.0250, 51.6250
-25.0750, -51.6250
-25.0750, -48.6750
-25.0750, -45.7250
-25.0750, -42.7750
-25.0750, -39.8250
-25.0750, -36.8750
-25.0750, -33.9250
-25.0750, -30.9750
-25.0750, -28.0250
-25.0750, -25.0750
-25.0750, -22.1250
-25.0750, -19.1750
-25.0750, -16.2250
-25.0750, -13.2750
-25.0750, -10.3250
-25.0750, -7.3750
-25.0750, -4.4250
-25.0750, -1.4750
-25.0750, 1.4750
-25.0750, 4.4250
-25.0750, 7.3750
-25.0750, 10.3250
-25.0750, 13.2750
-25.0750, 16.2250
-25.0750, 19.1750
-25.0750, 22.1250
-25.0750, 25.0750
-25.0750, 28.0250
-25.0750, 30.9750
-25.0750, 33.9250
-25.0750, 36.8750
-25.0750, 39.8250
-25.0750, 42.7750
-25.0750, 45.7250
-25.0750, 48.6750
-25.0750, 51.6250
-22.1250, -51.6250
-22.1250, -48.6750
-22.1250, -45.7250
-22.1250, -42.7750
-22.1250, -39.8250
-22.1250, -36.8750
-22.1250, -33.9250
-22.1250, -30.9750
-22.1250, -28.0250
-22.1250, -25.0750
-22.1250, -22.1250
-22.1250, -19.1750
-22.1250, -16.2250
-22.1250, -13.2750
-22.1250, -10.3250
-22.1250, -7.3750
-22.1250, -4.4250
-22.1250, -1.4750
-22.1250, 1.4750
-22.1250, 4.4250
-22.1250, 7.3750
-22.1250, 10.3250
-22.1250, 13.2750
-22.1250, 16.2250
-22.1250, 19.1750
-22.1250, 22.1250
-22.1250, 25.0750
-22.1250, 28.0250
-22.1250, 30.9750
-22.1250, 33.9250
-22.1250, 36.8750
-22.1250, 39.8250
-22.1250, 42.7750
-22.1250, 45.7250
-22.1250, 48.6750
-22.1250, 51.6250
-19.1750, -51.6250
-19.1750, -48.6750
-19.1750, -45.7250
-19.1750, -42.7750
-19.1750, -39.8250
-19.1750, -36.8750
-19.1750, -33.9250
-19.1750, -30.9750
-19.1750, -28.0250
-19.1750, -25.0750
-19.1750, -22.1250
-19.1750, -19.1750
-19.1750, -16.2250
-19.1750, -13.2750
-19.1750, -10.3250
-19.1750, -7.3750
-19.1750, -4.4250
-19.1750, -1.4750
-19.1750, 1.4750
-19.1750, 4.4250
-19.1750, 7.3750
-19.1750, 10.3250
-19.1750, 13.2750
-19.1750, 16.2250
-19.1750, 19.1750
-19.1750, 22.1250
-19.1750, 25.0750
-19.1750, 28.0250
-19.1750, 30.9750
-19.1750, 33.9250
-19.1750, 36.8750
-19.1750, 39.8250
-19.1750, 42.7750
-19.1750, 45.7250
-19.1750, 48.6750
-19.1750, 51.6250
-16.2250, -60.4750
-16.2250, -57.5250
-16.2250, -54.5750
-16.2250, -51.6250
-16.2250, -48.6750
-16.2250, -45.7250
-16.2250, -42.7750
-16.2250, -39.8250
-16.2250, -36.8750
-16.2250, -33.9250
-16.2250, -30.9750
-16.2250, -28.0250
-16.2250, -25.0750
-16.2250, -22.1250
-16.2250, -19.1750
-16.2250, -16.2250
-16.2250, -13.2750
-16.2250, -10.3250
-16.2250, -7.3750
-16.2250, -4.4250
-16.2250, -1.4750
-16.2250, 1.4750
-16.2250, 4.4250
-16.2250, 7.3750
-16.2250, 10.3250
-16.2250, 13.2750
-16.2250, 16.2250
-16.2250, 19.1750
-16.2250, 22.1250
-16.2250, 25.0750
-16.2250, 28.0250
-16.2250, 30.9750
-16.2250, 33.9250
-16.2250, 36.8750
-16.2250, 39.8250
-16.2250, 42.7750
-16.2250, 45.7250
-16.2250, 48.6750
-16.2250, 51.6250
-16.2250, 54.5750
-16.2250, 57.5250
-16.2250, 60.4750
-13.2750, -60.4750
-13.2750, -57.5250
-13.2750, -54.5750
-13.2750, -51.6250
-13.2750, -48.6750
-13.2750, -45.7250
-13.2750, -42.7750
-13.2750, -39.8250
-13.2750, -36.8750
-13.2750, -33.9250
-13.2750, -30.9750
-13.2750, -28.0250
-13.2750, -25.0750
-13.2750, -22.1250
-13.2750, -19.1750
-13.2750, -16.2250
-13.2750, -13.2750
-13.2750, -10.3250
-13.2750, -7.3750
-13.2750, -4.4250
-13.2750, -1.4750
-13.2750, 1.4750
-13.2750, 4.4250
-13.2750, 7.3750
-13.2750, 10.3250
-13.2750, 13.2750
-13.2750, 16.2250
-13.2750, 19.1750
-13.2750, 22.1250
-13.2750, 25.0750
-13.2750, 28.0250
-13.2750, 30.9750
-13.2750, 33.9250
-13.2750, 36.8750
-13.2750, 39.8250
-13.2750, 42.7750
-13.2750, 45.7250
-13.2750, 48.6750
-13.2750, 51.6250
-13.2750, 54.5750
-13.2750, 57.5250
-13.2750, 60.4750
-10.3250, -60.4750
-10.3250, -57.5250
-10.3250, -54.5750
-10.3250, -51.6250
-10.3250, -48.6750
-10.3250, -45.7250
-10.3250, -42.7750
-10.3250, -39.8250
-10.3250, -36.8750
-10.3250, -33.9250
-10.3250, -30.9750
-10.3250, -28.0250
-10.3250, -25.0750
-10.3250, -22.1250
-10.3250, -19.1750
-10.3250, -16.2250
-10.3250, -13.2750
-10.3250, -10.3250
-10.3250, -7.3750
-10.3250, -4.4250
-10.3250, -1.4750
-10.3250, 1.4750
-10.3250, 4.4250
-10.3250, 7.3750
-10.3250, 10.3250
-10.3250, 13.2750
-10.3250, 16.2250
-10.3250, 19.1750
-10.3250, 22.1250
-10.3250, 25.0750
-10.3250, 28.0250
-10.3250, 30.9750
-10.3250, 33.9250
-10.3250, 36.8750
-10.3250, 39.8250
-10.3250, 42.7750
-10.3250, 45.7250
-10.3250, 48.6750
-10.3250, 51.6250
-10.3250, 54.5750
-10.3250, 57.5250
-10.3250, 60.4750
-7.3750, -60.4750
-7.3750, -54.5750
-7.3750, -51.6250
-7.3750, -48.6750
-7.3750, -45.7250
-7.3750, -42.7750
-7.3750, -39.8250
-7.3750, -36.8750
-7.3750, -33.9250
-7.3750, -30.9750
-7.3750, -28.0250
-7.3750, -25.0750
-7.3750, -22.1250
-7.3750, -19.1750
-7.3750, -16.2250
-7.3750, -13.2750
-7.3750, -10.3250
-7.3750, -7.3750
-7.3750, -4.4250
-7.3750, -1.4750
-7.3750, 1.4750
-7.3750, 7.3750
-7.3750, 10.3250
-7.3750, 13.2750
-7.3750, 16.2250
-7.3750, 19.1750
-7.3750, 22.1250
-7.3750, 25.0750
-7.3750, 28.0250
-7.3750, 30.9750
-7.3750, 33.9250
-7.3750, 36.8750
-7.3750, 39.8250
-7.3750, 42.7750
-7.3750, 45.7250
-7.3750, 48.6750
-7.3750, 51.6250
-7.3750, 54.5750
-7.3750, 60.4750
-4.4250, -60.4750
-4.4250, -54.5750
-4.4250, -51.6250
-4.4250, -48.6750
-4.4250, -45.7250
-4.4250, -42.7750
-4.4250, -39.8250
-4.4250, -36.8750
-4.4250, -33.9250
-4.4250, -30.9750
-4.4250, -28.0250
-4.4250, -25.0750
-4.4250, -22.1250
-4.4250, -19.1750
-4.4250, -16.2250
-4.4250, -13.2750
-4.4250, -10.3250
-4.4250, -7.3750
-4.4250, -4.4250
-4.4250, -1.4750
-4.4250, 1.4750
-4.4250, 7.3750
-4.4250, 10.3250
-4.4250, 13.2750
-4.4250, 16.2250
-4.4250, 19.1750
-4.4250, 22.1250
-4.4250, 25.0750
-4.4250, 28.0250
-4.4250, 30.9750
-4.4250, 33.9250
-4.4250, 36.8750
-4.4250, 39.8250
-4.4250, 42.7750
-4.4250, 45.7250
-4.4250, 48.6750
-4.4250, 51.6250
-4.4250, 54.5750
-4.4250, 60.4750
-1.4750, -60.4750
-1.4750, -54.5750
-1.4750, -51.6250
-1.4750, -48.6750
-1.4750, -45.7250
-1.4750, -42.7750
-1.4750, -39.8250
-1.4750, -36.8750
-1.4750, -33.9250
-1.4750, -30.9750
-1.4750, -28.0250
-1.4750, -25.0750
-1.4750, -22.1250
-1.4750, -19.1750
-1.4750, -16.2250
-1.4750, -13.2750
-1.4750, -10.3250
-1.4750, -7.3750
-1.4750, -4.4250
-1.4750, -1.4750
-1.4750, 1.4750
-1.4750, 7.3750
-1.4750, 10.3250
-1.4750, 13.2750
-1.4750, 16.2250
-1.4750, 19.1750
-1.4750, 22.1250
-1.4750, 25.0750
-1.4750, 28.0250
-1.4750, 30.9750
-1.4750, 33.9250
-1.4750, 36.8750
-1.4750, 39.8250
-1.4750, 42.7750
-1.4750, 45.7250
-1.4750, 48.6750
-1.4750, 51.6250
-1.4750, 54.5750
-1.4750, 60.4750
1.4750, -60.4750
1.4750, -57.5250
1.4750, -54.5750
1.4750, -51.6250
1.4750, -48.6750
1.4750, -45.7250
1.4750, -42.7750
1.4750, -39.8250
1.4750, -36.8750
1.4750, -33.9250
1.4750, -30.9750
1.4750, -28.0250
1.4750, -25.0750
1.4750, -22.1250
1.4750, -19.1750
1.4750, -16.2250
1.4750, -13.2750
1.4750, -10.3250
1.4750, -7.3750
1.4750, -4.4250
1.4750, -1.4750
1.4750, 1.4750
1.4750, 4.4250
1.4750, 7.3750
1.4750, 10.3250
1.4750, 13.2750
1.4750, 16.2250
1.4750, 19.1750
1.4750, 22.1250
1.4750, 25.0750
1.4750, 28.0250
1.4750, 30.9750
1.4750, 33.9250
1.4750, 36.8750
1.4750, 39.8250
1.4750, 42.7750
1.4750, 45.7250
1.4750, 48.6750
1.4750, 51.6250
1.4750, 54.5750
1.4750, 57.5250
1.4750, 60.4750
4.4250, -60.4750
4.4250, -57.5250
4.4250, -54.5750
4.4250, -51.6250
4.4250, -48.6750
4.4250, -45.7250
4.4250, -42.7750
4.4250, -39.8250
4.4250, -36.8750
4.4250, -33.9250
4.4250, -30.9750
4.4250, -28.0250
4.4250, -25.0750
4.4250, -22.1250
4.4250, -19.1750
4.4250, -16.2250
4.4250, -13.2750
4.4250, -10.3250
4.4250, -7.3750
4.4250, -4.4250
4.4250, -1.4750
4.4250, 1.4750
4.4250, 4.4250
4.4250, 7.3750
4.4250, 10.3250
4.4250, 13.2750
4.4250, 16.2250
4.4250, 19.1750
4.4250, 22.1250
4.4250, 25.0750
4.4250, 28.0250
4.4250, 30.9750
4.4250, 33.9250
4.4250, 36.8750
4.4250, 39.8250
4.4250, 42.7750
4.4250, 45.7250
4.4250, 48.6750
4.4250, 51.6250
4.4250, 54.5750
4.4250, 57.5250
4.4250, 60.4750
7.3750, -60.4750
7.3750, -57.5250
7.3750, -54.5750
7.3750, -51.6250
7.3750, -48.6750
7.3750, -45.7250
7.3750, -42.7750
7.3750, -39.8250
7.3750, -36.8750
7.3750, -33.9250
7.3750, -30.9750
7.3750, -28.0250
7.3750, -25.0750
7.3750, -22.1250
7.3750, -19.1750
7.3750, -16.2250
7.3750, -13.2750
7.3750, -10.3250
7.3750, -7.3750
7.3750, -4.4250
7.3750, -1.4750
7.3750, 1.4750
7.3750, 4.4250
7.3750, 7.3750
7.3750, 10.3250
7.3750, 13.2750
7.3750, 16.2250
7.3750, 19.1750
7.3750, 22.1250
7.3750, 25.0750
7.3750, 28.0250
7.3750, 30.9750
7.3750, 33.9250
7.3750, 36.8750
7.3750, 39.8250
7.3750, 42.7750
7.3750, 45.7250
7.3750, 48.6750
7.3750, 51.6250
7.3750, 54.5750
7.3750, 57.5250
7.3750, 60.4750
10.3250, -60.4750
10.3250, -57.5250
10.3250, -54.5750
10.3250, -51.6250
10.3250, -48.6750
10.3250, -45.7250
10.3250, -42.7750
10.3250, -39.8250
10.3250, -36.8750
10.3250, -33.9250
10.3250, -30.9750
10.3250, -28.0250
10.3250, -25.0750
10.3250, -22.1250
10.3250, -19.1750
10.3250, -16.2250
10.3250, -13.2750
10.3250, -10.3250
10.3250, -7.3750
10.3250, -4.4250
10.3250, -1.4750
10.3250, 1.4750
10.3250, 4.4250
10.3250, 7.3750
10.3250, 10.3250
10.3250, 13.2750
10.3250, 16.2250
10.3250, 19.1750
10.3250, 22.1250
10.3250, 25.0750
10.3250, 28.0250
10.3250, 30.9750
10.3250, 33.9250
10.3250, 36.8750
10.3250, 39.8250
10.3250, 42.7750
10.3250, 45.7250
10.3250, 48.6750
10.3250, 51.6250
10.3250, 54.5750
10.3250, 57.5250
10.3250, 60.4750
13.2750, -60.4750
13.2750, -57.5250
13.2750, -54.5750
13.2750, -51.6250
13.2750, -48.6750
13.2750, -45.7250
13.2750, -42.7750
13.2750, -39.8250
13.2750, -36.8750
13.2750, -33.9250
13.2750, -30.9750
13.2750, -28.0250
13.2750, -25.0750
13.2750, -22.1250
13.2750, -19.1750
13.2750, -16.2250
13.2750, -13.2750
13.2750, -10.3250
13.2750, -7.3750
13.2750, -4.4250
13.2750, -1.4750
13.2750, 1.4750
13.2750, 4.4250
13.2750, 7.3750
13.2750, 10.3250
13.2750, 13.2750
13.2750, 16.2250
13.2750, 19.1750
13.2750, 22.1250
13.2750, 25.0750
13.2750, 28.0250
13.2750, 30.9750
13.2750, 33.9250
13.2750, 36.8750
13.2750, 39.8250
13.2750, 42.7750
13.2750, 45.7250
13.2750, 48.6750
13.2750, 51.6250
13.2750, 54.5750
13.2750, 57.5250
13.2750, 60.4750
16.2250, -60.4750
16.2250, -57.5250
16.2250, -54.5750
16.2250, -51.6250
16.2250, -48.6750
16.2250, -45.7250
16.2250, -42.7750
16.2250, -39.8250
16.2250, -36.8750
16.2250, -33.9250
16.2250, -30.9750
16.2250, -28.0250
16.2250, -25.0750
16.2250, -22.1250
16.2250, -19.1750
16.2250, -16.2250
16.2250, -13.2750
16.2250, -10.3250
16.2250, -7.3750
16.2250, -4.4250
16.2250, -1.4750
16.2250, 1.4750
16.2250, 4.4250
16.2250, 7.3750
16.2250, 10.3250
16.2250, 13.2750
16.2250, 16.2250
16.2250, 19.1750
16.2250, 22.1250
16.2250, 25.0750
16.2250, 28.0250
16.2250, 30.9750
16.2250, 33.9250
16.2250, 36.8750
16.2250, 39.8250
16.2250, 42.7750
16.2250, 45.7250
16.2250, 48.6750
16.2250, 51.6250
16.2250, 54.5750
16.2250, 57.5250
16.2250, 60.4750
19.1750, -51.6250
19.1750, -48.6750
19.1750, -45.7250
19.1750, -42.7750
19.1750, -39.8250
19.1750, -36.8750
19.1750, -33.9250
19.1750, -30.9750
19.1750, -28.0250
19.1750, -25.0750
19.1750, -22.1250
19.1750, -19.1750
19.1750, -16.2250
19.1750, -13.2750
19.1750, -10.3250
19.1750, -7.3750
19.1750, -4.4250
19.1750, -1.4750
19.1750, 1.4750
19.1750, 4.4250
19.1750, 7.3750
19.1750, 10.3250
19.1750, 13.2750
19.1750, 16.2250
19.1750, 19.1750
19.1750, 22.1250
19.1750, 25.0750
19.1750, 28.0250
19.1750, 30.9750
19.1750, 33.9250
19.1750, 36.8750
19.1750, 39.8250
19.1750, 42.7750
19.1750, 45.7250
19.1750, 48.6750
19.1750, 51.6250
22.1250, -51.6250
22.1250, -48.6750
22.1250, -45.7250
22.1250, -42.7750
22.1250, -39.8250
22.1250, -36.8750
22.1250, -33.9250
22.1250, -30.9750
22.1250, -28.0250
22.1250, -25.0750
22.1250, -22.1250
22.1250, -19.1750
22.1250, -16.2250
22.1250, -13.2750
22.1250, -10.3250
22.1250, -7.3750
22.1250, -4.4250
22.1250, -1.4750
22.1250, 1.4750
22.1250, 4.4250
22.1250, 7.3750
22.1250, 10.3250
22.1250, 13.2750
22.1250, 16.2250
22.1250, 19.1750
22.1250, 22.1250
22.1250, 25.0750
22.1250, 28.0250
22.1250, 30.9750
22.1250, 33.9250
22.1250, 36.8750
22.1250, 39.8250
22.1250, 42.7750
22.1250, 45.7250
22.1250, 48.6750
22.1250, 51.6250
25.0750, -51.6250
25.0750, -48.6750
25.0750, -45.7250
25.0750, -42.7750
25.0750, -39.8250
25.0750, -36.8750
25.0750, -33.9250
25.0750, -30.9750
25.0750, -28.0250
25.0750, -25.0750
25.0750, -22.1250
25.0750, -19.1750
25.0750, -16.2250
25.0750, -13.2750
25.0750, -10.3250
25.0750, -7.3750
25.0750, -4.4250
25.0750, -1.4750
25.0750, 1.4750
25.0750, 4.4250
25.0750, 7.3750
25.0750, 10.3250
25.0750, 13.2750
25.0750, 16.2250
25.0750, 19.1750
25.0750, 22.1250
25.0750, 25.0750
25.0750, 28.0250
25.0750, 30.9750
25.0750, 33.9250
25.0750, 36.8750
25.0750, 39.8250
25.0750, 42.7750
25.0750, 45.7250
25.0750, 48.6750
25.0750, 51.6250
28.0250, -51.6250
28.0250, -48.6750
28.0250, -45.7250
28.0250, -42.7750
28.0250, -39.8250
28.0250, -36.8750
28.0250, -33.9250
28.0250, -30.9750
28.0250, -28.0250
28.0250, -25.0750
28.0250, -22.1250
28.0250, -19.1750
28.0250, -16.2250
28.0250, -13.2750
28.0250, -10.3250
28.0250, -7.3750
28.0250, -4.4250
28.0250, -1.4750
28.0250, 1.4750
28.0250, 4.4250
28.0250, 7.3750
28.0250, 10.3250
28.0250, 13.2750
28.0250, 16.2250
28.0250, 19.1750
28.0250, 22.1250
28.0250, 25.0750
28.0250, 28.0250
28.0250, 30.9750
28.0250, 33.9250
28.0250, 36.8750
28.0250, 39.8250
28.0250, 42.7750
28.0250, 45.7250
28.0250, 48.6750
28.0250, 51.6250
30.9750, -51.6250
30.9750, -48.6750
30.9750, -45.7250
30.9750, -42.7750
30.9750, -39.8250
30.9750, -36.8750
30.9750, -33.9250
30.9750, -30.9750
30.9750, -28.0250
30.9750, -25.0750
30.9750, -22.1250
30.9750, -19.1750
30.9750, -16.2250
30.9750, -13.2750
30.9750, -10.3250
30.9750, -7.3750
30.9750, -4.4250
30.9750, -1.4750
30.9750, 1.4750
30.9750, 4.4250
30.9750, 7.3750
30.9750, 10.3250
30.9750, 13.2750
30.9750, 16.2250
30.9750, 19.1750
30.9750, 22.1250
30.9750, 25.0750
30.9750, 28.0250
30.9750, 30.9750
30.9750, 33.9250
30.9750, 36.8750
30.9750, 39.8250
30.9750, 42.7750
30.9750, 45.7250
30.9750, 48.6750
30.9750, 51.6250
33.9250, -51.6250
33.9250, -48.6750
33.9250, -45.7250
33.9250, -42.7750
33.9250, -39.8250
33.9250, -36.8750
33.9250, -33.9250
33.9250, -30.9750
33.9250, -28.0250
33.9250, -25.0750
33.9250, -22.1250
33.9250, -19.1750
33.9250, -16.2250
33.9250, -13.2750
33.9250, -10.3250
33.9250, -7.3750
33.9250, -4.4250
33.9250, -1.4750
33.9250, 1.4750
33.9250, 4.4250
33.9250, 7.3750
33.9250, 10.3250
33.9250, 13.2750
33.9250, 16.2250
33.9250, 19.1750
33.9250, 22.1250
33.9250, 25.0750
33.9250, 28.0250
33.9250, 30.9750
33.9250, 33.9250
33.9250, 36.8750
33.9250, 39.8250
33.9250, 42.7750
33.9250, 45.7250
33.9250, 48.6750
33.9250, 51.6250
36.8750, -42.7750
36.8750, -39.8250
36.8750, -36.8750
36.8750, -33.9250
36.8750, -30.9750
36.8750, -28.0250
36.8750, -25.0750
36.8750, -22.1250
36.8750, -19.1750
36.8750, -16.2250
36.8750, -13.2750
36.8750, -10.3250
36.8750, -7.3750
36.8750, -4.4250
36.8750, -1.4750
36.8750, 1.4750
36.8750, 4.4250
36.8750, 7.3750
36.8750, 10.3250
36.8750, 13.2750
36.8750, 16.2250
36.8750, 19.1750
36.8750, 22.1250
36.8750, 25.0750
36.8750, 28.0250
36.8750, 30.9750
36.8750, 33.9250
36.8750, 36.8750
36.8750, 39.8250
36.8750, 42.7750
39.8250, -42.7750
39.8250, -39.8250
39.8250, -36.8750
39.8250, -33.9250
39.8250, -30.9750
39.8250, -28.0250
39.8250, -25.0750
39.8250, -22.1250
39.8250, -19.1750
39.8250, -16.2250
39.8250, -13.2750
39.8250, -10.3250
39.8250, -7.3750
39.8250, -4.4250
39.8250, -1.4750
39.8250, 1.4750
39.8250, 4.4250
39.8250, 7.3750
39.8250, 10.3250
39.8250, 13.2750
39.8250, 16.2250
39.8250, 19.1750
39.8250, 22.1250
39.8250, 25.0750
39.8250, 28.0250
39.8250, 30.9750
39.8250, 33.9250
39.8250, 36.8750
39.8250, 39.8250
39.8250, 42.7750
42.7750, -42.7750
42.7750, -39.8250
42.7750, -36.8750
42.7750, -33.9250
42.7750, -30.9750
42.7750, -28.0250
42.7750, -25.0750
42.7750, -22.1250
42.7750, -19.1750
42.7750, -16.2250
42.7750, -13.2750
42.7750, -10.3250
42.7750, -7.3750
42.7750, -4.4250
42.7750, -1.4750
42.7750, 1.4750
42.7750, 4.4250
42.7750, 7.3750
42.7750, 10.3250
42.7750, 13.2750
42.7750, 16.2250
42.7750, 19.1750
42.7750, 22.1250
42.7750, 25.0750
42.7750, 28.0250
42.7750, 30.9750
42.7750, 33.9250
42.7750, 36.8750
42.7750, 39.8250
42.7750, 42.7750
45.7250, -33.9250
45.7250, -30.9750
45.7250, -28.0250
45.7250, -25.0750
45.7250, -22.1250
45.7250, -19.1750
45.7250, -16.2250
45.7250, -13.2750
45.7250, -10.3250
45.7250, -7.3750
45.7250, -4.4250
45.7250, -1.4750
45.7250, 1.4750
45.7250, 7.3750
45.7250, 10.3250
45.7250, 13.2750
45.7250, 16.2250
45.7250, 19.1750
45.7250, 22.1250
45.7250, 25.0750
45.7250, 28.0250
45.7250, 30.9750
45.7250, 33.9250
48.6750, -33.9250
48.6750, -30.9750
48.6750, -28.0250
48.6750, -25.0750
48.6750, -22.1250
48.6750, -19.1750
48.6750, -16.2250
48.6750, -13.2750
48.6750, -10.3250
48.6750, -7.3750
48.6750, -4.4250
48.6750, -1.4750
48.6750, 1.4750
48.6750, 7.3750
48.6750, 10.3250
48.6750, 13.2750
48.6750, 16.2250
48.6750, 19.1750
48.6750, 22.1250
48.6750, 25.0750
48.6750, 28.0250
48.6750, 30.9750
48.6750, 33.9250
51.6250, -33.9250
51.6250, -30.9750
51.6250, -28.0250
51.6250, -25.0750
51.6250, -22.1250
51.6250, -19.1750
51.6250, -16.2250
51.6250, -13.2750
51.6250, -10.3250
51.6250, -7.3750
51.6250, -4.4250
51.6250, -1.4750
51.6250, 1.4750
51.6250, 7.3750
51.6250, 10.3250
51.6250, 13.2750
51.6250, 16.2250
51.6250, 19.1750
51.6250, 22.1250
51.6250, 25.0750
51.6250, 28.0250
51.6250, 30.9750
51.6250, 33.9250
54.5750, -16.2250
54.5750, -13.2750
54.5750, -10.3250
54.5750, -7.3750
54.5750, -4.4250
54.5750, -1.4750
54.5750, 1.4750
54.5750, 4.4250
54.5750, 7.3750
54.5750, 10.3250
54.5750, 13.2750
54.5750, 16.2250
57.5250, -16.2250
57.5250, -13.2750
57.5250, -10.3250
57.5250, -7.3750
57.5250, -4.4250
57.5250, -1.4750
57.5250, 1.4750
57.5250, 4.4250
57.5250, 7.3750
57.5250, 10.3250
57.5250, 13.2750
57.5250, 16.2250
60.4750, -16.2250
60.4750, -13.2750
60.4750, -10.3250
60.4750, -7.3750
60.4750, -4.4250
60.4750, -1.4750
60.4750, 1.4750
60.4750, 4.4250
60.4750, 7.3750
60.4750, 10.3250
60.4750, 13.2750
60.4750, 16.2250
