10.5887, 35.9904
10.6000, 8.5500
10.6000, 9.3500
10.6000, 9.7500
10.6000, 9.9513
10.6000, 10.5500
10.6000, 10.7513
10.6000, 11.3500
10.6000, 11.5513
10.6000, 12.1500
10.6000, 12.3513
10.6000, 12.9500
10.6000, 13.1513
10.6000, 13.7500
10.6000, 14.1500
10.6000, 14.5500
10.6000, 14.9500
10.6000, 15.3500
10.6000, 15.7500
10.6000, 16.1500
10.6000, 16.5500
10.6000, 16.9500
10.6000, 17.3500
10.6000, 17.7500
10.6000, 18.1500
10.6000, 18.5500
10.6000, 18.9500
10.6000, 19.3500
10.6000, 19.7500
10.6000, 20.1500
10.6000, 20.5500
10.6000, 20.9500
10.6000, 21.3500
10.6000, 21.7500
10.6000, 22.1500
10.6000, 22.5500
10.6000, 22.9500
10.6000, 23.3500
10.6000, 23.7500
10.6000, 24.1500
10.6000, 24.5500
10.6000, 24.9500
10.6000, 25.3500
10.6000, 25.7500
10.6000, 26.1500
10.6000, 26.5500
10.6000, 26.9500
10.6000, 27.3500
10.6000, 27.7500
10.6000, 28.1500
10.6000, 28.5500
10.6000, 28.9500
10.6000, 29.3500
10.6000, 29.7500
10.6000, 30.1500
10.6000, 30.5500
10.6000, 30.9500
10.6000, 31.3500
10.6000, 31.7500
10.6000, 32.1500
10.6000, 32.5500
10.6000, 32.9500
10.6000, 33.3500
10.6000, 33.7500
10.6000, 34.1500
10.6000, 34.5500
10.6000, 34.9500
10.6000, 35.3500
10.6000, 35.7500
10.6000, 36.5500
10.6000, 36.9500
10.6000, 37.7500
10.6000, 38.5500
10.6000, 39.3500
10.6000, 40.1500
10.6000, 40.9500
10.6000, 41.7500
10.6102, 36.3683
10.9995, 36.3714
11.0000, 8.9500
11.0000, 9.3500
11.0000, 9.7500
11.0000, 10.5500
11.0000, 11.3500
11.0000, 12.1500
11.0000, 12.9500
11.0000, 13.7500
11.0000, 14.1500
11.0000, 14.5500
11.0000, 14.9500
11.0000, 15.3500
11.0000, 15.7500
11.0000, 16.1500
11.0000, 16.5500
11.0000, 16.9500
11.0000, 17.3500
11.0000, 17.7500
11.0000, 18.1500
11.0000, 18.5500
11.0000, 18.9500
11.0000, 19.3500
11.0000, 19.7500
11.0000, 20.1500
11.0000, 20.5500
11.0000, 20.9500
11.0000, 21.3500
11.0000, 21.7500
11.0000, 22.1500
11.0000, 22.5500
11.0000, 22.9500
11.0000, 23.3500
11.0000, 23.7500
11.0000, 24.1500
11.0000, 24.5500
11.0000, 24.9500
11.0000, 25.3500
11.0000, 25.7500
11.0000, 26.1500
11.0000, 26.5500
11.0000, 26.9500
11.0000, 27.3500
11.0000, 27.7500
11.0000, 28.1500
11.0000, 28.5500
11.0000, 28.9500
11.0000, 29.3500
11.0000, 29.7500
11.0000, 30.1500
11.0000, 30.5500
11.0000, 30.9500
11.0000, 31.3500
11.0000, 31.7500
11.0000, 32.1500
11.0000, 32.5500
11.0000, 32.9500
11.0000, 33.3500
11.0000, 33.7500
11.0000, 34.1500
11.0000, 34.5500
11.0000, 34.9500
11.0000, 35.3500
11.0000, 35.7500
11.0000, 36.5500
11.0000, 36.9500
11.0000, 37.3500
11.0000, 38.1500
11.0000, 38.9500
11.0000, 39.7500
11.0000, 40.5500
11.0000, 40.9500
11.0000, 41.3500
11.0039, 9.9506
11.0039, 10.7506
11.0039, 11.5506
11.0039, 12.3506
11.0039, 13.1506
11.0087, 35.9955
11.4000, 9.3500
11.4000, 9.7500
11.4000, 10.5500
11.4000, 11.3500
11.4000, 12.1500
11.4000, 12.9500
11.4000, 14.1500
11.4000, 14.9500
11.4000, 15.7500
11.4000, 16.5500
11.4000, 17.3500
11.4000, 18.1500
11.4000, 18.9500
11.4000, 19.7500
11.4000, 20.5500
11.4000, 21.3500
11.4000, 21.7500
11.4000, 22.1500
11.4000, 22.5500
11.4000, 22.9500
11.4000, 23.3500
11.4000, 23.7500
11.4000, 24.1500
11.4000, 24.5500
11.4000, 24.9500
11.4000, 25.3500
11.4000, 25.7500
11.4000, 26.1500
11.4000, 26.5500
11.4000, 26.9500
11.4000, 27.3500
11.4000, 28.1500
11.4000, 28.9500
11.4000, 30.1500
11.4000, 30.9500
11.4000, 31.7500
11.4000, 32.5500
11.4000, 33.3500
11.4000, 34.1500
11.4000, 34.9500
11.4000, 35.7500
11.4000, 36.5500
11.4000, 37.7500
11.4000, 38.5500
11.4000, 39.3500
11.4000, 40.1500
11.4000, 40.9500
11.4000, 41.3500
11.4000, 41.7500
11.5987, 8.5500
11.5994, 8.9539
11.8000, 8.5500
11.8000, 8.9500
11.8000, 9.3500
11.8000, 10.1500
11.8000, 10.9500
11.8000, 11.7500
11.8000, 12.5500
11.8000, 12.9500
11.8000, 13.7500
11.8000, 14.5500
11.8000, 15.3500
11.8000, 16.1500
11.8000, 16.9500
11.8000, 17.7500
11.8000, 18.5500
11.8000, 19.3500
11.8000, 20.1500
11.8000, 20.9500
11.8000, 21.3500
11.8000, 21.7500
11.8000, 22.1500
11.8000, 22.5500
11.8000, 22.9500
11.8000, 23.3500
11.8000, 23.7500
11.8000, 24.1500
11.8000, 24.5500
11.8000, 24.9500
11.8000, 25.3500
11.8000, 25.7500
11.8000, 26.1500
11.8000, 26.5500
11.8000, 26.9500
11.8000, 27.3500
11.8000, 27.7500
11.8000, 28.5500
11.8000, 28.9500
11.8000, 29.7500
11.8000, 30.5500
11.8000, 31.3500
11.8000, 32.1500
11.8000, 32.9500
11.8000, 33.7500
11.8000, 34.5500
11.8000, 35.3500
11.8000, 36.1500
11.8000, 36.9500
11.8000, 37.3500
11.8000, 38.1500
11.8000, 38.9500
11.8000, 39.7500
11.8000, 40.5500
11.8000, 41.3500
12.2000, 9.7500
12.2000, 10.5500
12.2000, 11.7500
12.2000, 12.5500
12.2000, 13.3500
12.2000, 14.1500
12.2000, 15.3500
12.2000, 16.5500
12.2000, 17.7500
12.2000, 18.9500
12.2000, 19.7500
12.2000, 20.9500
12.2000, 21.3500
12.2000, 21.7500
12.2000, 22.5500
12.2000, 23.3500
12.2000, 24.1500
12.2000, 24.9500
12.2000, 25.7500
12.2000, 26.5500
12.2000, 27.3500
12.2000, 28.1500
12.2000, 29.3500
12.2000, 30.1500
12.2000, 30.9500
12.2000, 32.1500
12.2000, 33.3500
12.2000, 34.5500
12.2000, 35.3500
12.2000, 36.5500
12.2000, 37.7500
12.2000, 38.5500
12.2000, 39.3500
12.2000, 40.1500
12.2000, 40.9500
12.2000, 41.7500
12.3987, 8.5500
12.3994, 8.9539
12.6000, 8.5500
12.6000, 8.9500
12.6000, 9.3500
12.6000, 10.1500
12.6000, 40.9500
12.6000, 41.7500
13.0000, 9.7500
13.0000, 41.3500
13.1987, 8.5500
13.1994, 8.9539
13.4000, 8.5500
13.4000, 8.9500
13.4000, 9.3500
13.4000, 40.1500
13.4000, 40.9500
13.4000, 41.7500
13.7022, 17.2461
13.7026, 40.5587
13.7205, 27.7923
13.7999, 40.0667
13.8000, 9.7500
13.8000, 10.1500
13.8000, 41.3500
13.8035, 40.2549
13.8044, 17.6535
13.8097, 30.9836
13.8266, 29.9770
13.8858, 40.5523
13.8988, 28.3008
13.9171, 17.0532
13.9433, 27.4515
13.9987, 8.5500
13.9994, 8.9539
14.1026, 40.1587
14.1554, 17.8345
14.1583, 27.9600
14.1832, 31.2464
14.1999, 40.4667
14.2000, 8.5500
14.2000, 8.9500
14.2000, 9.3500
14.2000, 40.9500
14.2000, 41.7500
14.2035, 40.6549
14.2762, 17.2760
14.2858, 40.1523
14.5567, 30.6520
14.5671, 27.6061
14.5671, 30.1539
14.5776, 28.1749
14.6000, 8.5500
14.6000, 8.9500
14.6000, 9.7500
14.6000, 10.1500
14.6000, 40.1500
14.6000, 40.5500
14.6000, 40.9500
14.6000, 41.3500
14.7139, 26.6232
14.8267, 17.3494
14.8389, 17.0816
14.9688, 31.3020
15.0000, 9.3500
15.0000, 40.1500
15.0000, 40.5500
15.0000, 40.9500
15.0000, 41.3500
15.0000, 41.7500
15.1595, 26.2562
15.1663, 8.6512
15.1663, 9.0512
15.2828, 17.2708
15.3614, 30.4161
15.4000, 9.7500
15.4000, 10.1500
15.4000, 40.0500
15.4000, 40.2500
15.4000, 40.4500
15.4000, 40.6500
15.4000, 40.9500
15.4000, 41.3500
15.4269, 25.6874
15.5018, 21.2912
15.5039, 21.4848
15.5110, 29.0170
15.5663, 8.6512
15.5663, 9.0512
15.5890, 12.8390
15.7000, 12.2750
15.7000, 12.6350
15.7081, 13.0030
15.7081, 13.3627
15.7081, 16.7792
15.7081, 17.1389
15.7081, 21.2747
15.7081, 21.6344
15.7081, 25.2308
15.7081, 25.5904
15.7900, 14.4350
15.7900, 14.7950
15.7900, 15.5150
15.7900, 17.6750
15.7900, 18.3950
15.7900, 19.1150
15.7900, 19.8350
15.7900, 20.5550
15.7900, 22.5350
15.7900, 23.2550
15.7900, 23.6150
15.7900, 23.9750
15.7900, 26.4950
15.7900, 27.2150
15.7900, 27.9350
15.7900, 28.7450
15.8000, 9.3500
15.8000, 40.0500
15.8000, 40.2500
15.8000, 40.4500
15.8000, 40.6500
15.8000, 40.9500
15.8000, 41.3500
15.8000, 41.7500
15.8041, 16.5274
15.8240, 31.2660
15.8879, 13.1828
15.8879, 16.9591
15.8879, 17.3187
15.8879, 21.0949
15.8879, 21.4546
15.8879, 21.8142
15.8879, 25.4106
15.8879, 25.7702
15.9131, 29.5146
15.9407, 30.4030
15.9664, 8.6512
15.9664, 9.0512
15.9695, 29.8944
16.0550, 12.4730
16.0600, 21.3650
16.0677, 12.8232
16.0677, 13.0030
16.0677, 13.3627
16.0677, 13.5425
16.0677, 13.9021
16.0677, 14.2617
16.0677, 14.6214
16.0677, 14.9810
16.0677, 15.3407
16.0677, 15.7003
16.0677, 16.0600
16.0677, 16.4196
16.0677, 16.7792
16.0677, 17.1389
16.0677, 17.4985
16.0677, 17.8581
16.0677, 18.2178
16.0677, 18.5774
16.0677, 18.9371
16.0677, 19.2967
16.0677, 19.6563
16.0677, 20.0160
16.0677, 20.3756
16.0677, 20.7353
16.0677, 21.6344
16.0677, 21.9940
16.0677, 22.3536
16.0677, 22.7133
16.0677, 23.0729
16.0677, 23.4326
16.0677, 23.7922
16.0677, 24.1518
16.0677, 24.5115
16.0677, 24.8711
16.0677, 25.2308
16.0677, 25.5904
16.0677, 25.9501
16.0677, 26.3097
16.0677, 26.6693
16.0677, 27.0290
16.0677, 27.3886
16.0677, 27.7482
16.0677, 28.1079
16.0677, 28.4675
16.0677, 29.0070
16.0677, 29.1868
16.0700, 9.9680
16.0700, 29.6450
16.1451, 31.2109
16.2000, 9.7500
16.2000, 40.9500
16.2000, 41.3500
16.2000, 41.7500
16.2476, 12.8232
16.2476, 13.3627
16.2476, 13.7223
16.2476, 14.0819
16.2476, 14.4416
16.2476, 14.6214
16.2476, 14.8012
16.2476, 15.1608
16.2476, 15.3407
16.2476, 15.5205
16.2476, 15.7003
16.2476, 16.0600
16.2476, 16.4196
16.2476, 16.7792
16.2476, 17.3187
16.2476, 17.6783
16.2476, 18.0380
16.2476, 18.3976
16.2476, 18.5774
16.2476, 18.7572
16.2476, 19.1169
16.2476, 19.2967
16.2476, 19.4765
16.2476, 19.6563
16.2476, 20.0160
16.2476, 20.3756
16.2476, 20.7353
16.2476, 21.0949
16.2476, 21.4546
16.2476, 21.8142
16.2476, 22.1738
16.2476, 22.5335
16.2476, 22.8931
16.2476, 23.0729
16.2476, 23.2527
16.2476, 23.6124
16.2476, 23.7922
16.2476, 23.9720
16.2476, 24.1518
16.2476, 24.5115
16.2476, 24.8711
16.2476, 25.2308
16.2476, 25.7702
16.2476, 26.1299
16.2476, 26.4895
16.2476, 26.8492
16.2476, 27.0290
16.2476, 27.2088
16.2476, 27.5684
16.2476, 27.7482
16.2476, 27.9281
16.2476, 28.1079
16.2476, 28.4675
16.2476, 28.8272
16.2476, 29.1868
16.3220, 9.8980
16.3664, 8.6512
16.3664, 9.0512
16.3955, 30.8591
16.4165, 29.8316
16.4200, 14.2550
16.4200, 15.8750
16.4200, 18.2150
16.4200, 19.8350
16.4200, 22.7150
16.4200, 24.3350
16.4200, 26.6750
16.4200, 28.2950
16.4274, 12.6434
16.4274, 13.0030
16.4274, 13.1828
16.4274, 13.5425
16.4274, 13.9021
16.4274, 14.4416
16.4274, 14.8012
16.4274, 14.9810
16.4274, 15.3407
16.4274, 15.7003
16.4274, 16.2398
16.4274, 16.5994
16.4274, 16.9591
16.4274, 17.1389
16.4274, 17.4985
16.4274, 17.8581
16.4274, 18.3976
16.4274, 18.7572
16.4274, 18.9371
16.4274, 19.2967
16.4274, 19.6563
16.4274, 20.1958
16.4274, 20.5555
16.4274, 20.9151
16.4274, 21.2747
16.4274, 21.6344
16.4274, 21.9940
16.4274, 22.3536
16.4274, 22.8931
16.4274, 23.2527
16.4274, 23.4326
16.4274, 23.7922
16.4274, 24.1518
16.4274, 24.6913
16.4274, 25.0510
16.4274, 25.4106
16.4274, 25.5904
16.4274, 25.9501
16.4274, 26.3097
16.4274, 26.8492
16.4274, 27.2088
16.4274, 27.3886
16.4274, 27.7482
16.4274, 28.1079
16.4274, 28.6473
16.4274, 29.0070
16.4274, 29.3666
16.5528, 30.0675
16.5947, 29.6481
16.6000, 9.3500
16.6000, 10.1500
16.6000, 12.2750
16.6000, 40.1500
16.6000, 40.5500
16.6000, 40.9500
16.6000, 41.3500
16.6000, 41.7500
16.6072, 12.8232
16.6072, 13.3627
16.6072, 13.7223
16.6072, 14.0819
16.6072, 14.6214
16.6072, 15.1608
16.6072, 15.5205
16.6072, 16.0600
16.6072, 16.4196
16.6072, 16.7792
16.6072, 17.3187
16.6072, 17.6783
16.6072, 18.0380
16.6072, 18.5774
16.6072, 19.1169
16.6072, 19.4765
16.6072, 20.0160
16.6072, 20.3756
16.6072, 20.7353
16.6072, 21.0949
16.6072, 21.4546
16.6072, 21.8142
16.6072, 22.1738
16.6072, 22.5335
16.6072, 23.0729
16.6072, 23.6124
16.6072, 23.9720
16.6072, 24.5115
16.6072, 24.8711
16.6072, 25.2308
16.6072, 25.7702
16.6072, 26.1299
16.6072, 26.4895
16.6072, 27.0290
16.6072, 27.5684
16.6072, 27.9281
16.6072, 28.4675
16.6072, 28.8272
16.6072, 29.1868
16.7663, 8.6512
16.7663, 9.0512
16.7820, 9.7940
16.7870, 12.6434
16.7870, 13.0030
16.7870, 13.1828
16.7870, 13.5425
16.7870, 13.9021
16.7870, 14.4416
16.7870, 14.6214
16.7870, 14.8012
16.7870, 14.9810
16.7870, 15.3407
16.7870, 15.5205
16.7870, 15.7003
16.7870, 16.2398
16.7870, 16.5994
16.7870, 16.9591
16.7870, 17.1389
16.7870, 17.4985
16.7870, 17.8581
16.7870, 18.3976
16.7870, 18.5774
16.7870, 18.7572
16.7870, 18.9371
16.7870, 19.2967
16.7870, 19.4765
16.7870, 19.6563
16.7870, 20.1958
16.7870, 20.5555
16.7870, 20.9151
16.7870, 21.2747
16.7870, 21.6344
16.7870, 21.9940
16.7870, 22.3536
16.7870, 22.8931
16.7870, 23.0729
16.7870, 23.2527
16.7870, 23.4326
16.7870, 23.7922
16.7870, 23.9720
16.7870, 24.1518
16.7870, 24.6913
16.7870, 25.0510
16.7870, 25.4106
16.7870, 25.5904
16.7870, 25.9501
16.7870, 26.3097
16.7870, 26.8492
16.7870, 27.0290
16.7870, 27.2088
16.7870, 27.3886
16.7870, 27.7482
16.7870, 27.9281
16.7870, 28.1079
16.7870, 28.6473
16.7870, 29.0070
16.7870, 29.3666
16.8700, 29.6450
16.9600, 15.8750
16.9600, 18.2150
16.9600, 19.8350
16.9600, 21.4550
16.9600, 22.7150
16.9600, 24.3350
16.9600, 26.6750
16.9600, 28.2950
16.9645, 14.2614
16.9668, 12.8232
16.9668, 13.3627
16.9668, 13.7223
16.9668, 14.0819
16.9668, 14.4416
16.9668, 14.8012
16.9668, 15.1608
16.9668, 15.3407
16.9668, 15.7003
16.9668, 16.0600
16.9668, 16.4196
16.9668, 16.7792
16.9668, 17.3187
16.9668, 17.6783
16.9668, 18.0380
16.9668, 18.3976
16.9668, 18.7572
16.9668, 19.1169
16.9668, 19.2967
16.9668, 19.6563
16.9668, 20.0160
16.9668, 20.3756
16.9668, 20.7353
16.9668, 21.0949
16.9668, 21.8142
16.9668, 22.1738
16.9668, 22.5335
16.9668, 22.8931
16.9668, 23.2527
16.9668, 23.6124
16.9668, 23.7922
16.9668, 24.1518
16.9668, 24.5115
16.9668, 24.8711
16.9668, 25.2308
16.9668, 25.7702
16.9668, 26.1299
16.9668, 26.4895
16.9668, 26.8492
16.9668, 27.2088
16.9668, 27.5684
16.9668, 27.7482
16.9668, 28.1079
16.9668, 28.4675
16.9668, 28.8272
16.9668, 29.1868
16.9880, 9.9800
17.0000, 9.7500
17.1467, 12.6434
17.1467, 13.0030
17.1467, 13.1828
17.1467, 13.5425
17.1467, 13.9021
17.1467, 14.6214
17.1467, 14.9810
17.1467, 15.5205
17.1467, 16.2398
17.1467, 16.5994
17.1467, 16.9591
17.1467, 17.1389
17.1467, 17.4985
17.1467, 17.8581
17.1467, 18.5774
17.1467, 18.9371
17.1467, 19.4765
17.1467, 20.1958
17.1467, 20.5555
17.1467, 20.9151
17.1467, 21.2747
17.1467, 21.6344
17.1467, 21.9940
17.1467, 22.3536
17.1467, 23.0729
17.1467, 23.4326
17.1467, 23.9720
17.1467, 24.6913
17.1467, 25.0510
17.1467, 25.4106
17.1467, 25.5904
17.1467, 25.9501
17.1467, 26.3097
17.1467, 27.0290
17.1467, 27.3886
17.1467, 27.9281
17.1467, 28.6473
17.1467, 29.0070
17.1467, 29.3666
17.1664, 8.6512
17.1664, 9.0512
17.3265, 12.8232
17.3265, 13.3627
17.3265, 13.7223
17.3265, 14.0819
17.3265, 14.2617
17.3265, 14.4416
17.3265, 14.6214
17.3265, 14.8012
17.3265, 15.1608
17.3265, 15.3407
17.3265, 15.5205
17.3265, 15.7003
17.3265, 15.8801
17.3265, 16.0600
17.3265, 16.4196
17.3265, 16.7792
17.3265, 17.3187
17.3265, 17.6783
17.3265, 18.0380
17.3265, 18.2178
17.3265, 18.3976
17.3265, 18.5774
17.3265, 18.7572
17.3265, 19.1169
17.3265, 19.2967
17.3265, 19.4765
17.3265, 19.6563
17.3265, 19.8362
17.3265, 20.0160
17.3265, 20.3756
17.3265, 20.7353
17.3265, 21.0949
17.3265, 21.4546
17.3265, 21.8142
17.3265, 22.1738
17.3265, 22.5335
17.3265, 22.7133
17.3265, 22.8931
17.3265, 23.0729
17.3265, 23.2527
17.3265, 23.6124
17.3265, 23.7922
17.3265, 23.9720
17.3265, 24.1518
17.3265, 24.3317
17.3265, 24.5115
17.3265, 24.8711
17.3265, 25.2308
17.3265, 25.7702
17.3265, 26.1299
17.3265, 26.4895
17.3265, 26.6693
17.3265, 26.8492
17.3265, 27.0290
17.3265, 27.2088
17.3265, 27.5684
17.3265, 27.7482
17.3265, 27.9281
17.3265, 28.1079
17.3265, 28.2877
17.3265, 28.4675
17.3265, 28.8272
17.3265, 29.1868
17.4000, 9.3500
17.4000, 10.1500
17.5000, 12.2750
17.5063, 12.6434
17.5063, 13.0030
17.5063, 13.1828
17.5063, 13.5425
17.5063, 13.9021
17.5063, 14.9810
17.5063, 16.2398
17.5063, 16.5994
17.5063, 16.9591
17.5063, 17.1389
17.5063, 17.4985
17.5063, 17.8581
17.5063, 18.9371
17.5063, 20.1958
17.5063, 20.5555
17.5063, 20.9151
17.5063, 21.2747
17.5063, 21.6344
17.5063, 21.9940
17.5063, 22.3536
17.5063, 23.4326
17.5063, 24.6913
17.5063, 25.0510
17.5063, 25.4106
17.5063, 25.5904
17.5063, 25.9501
17.5063, 26.3097
17.5063, 27.3886
17.5063, 28.6473
17.5063, 29.0070
17.5063, 29.3666
17.5663, 8.6512
17.5663, 9.0512
17.6861, 12.8232
17.6861, 13.3627
17.6861, 13.7223
17.6861, 14.0819
17.6861, 14.2617
17.6861, 14.4416
17.6861, 14.6214
17.6861, 14.8012
17.6861, 15.1608
17.6861, 15.3407
17.6861, 15.5205
17.6861, 15.7003
17.6861, 15.8801
17.6861, 16.0600
17.6861, 16.4196
17.6861, 16.7792
17.6861, 17.3187
17.6861, 17.6783
17.6861, 18.0380
17.6861, 18.2178
17.6861, 18.3976
17.6861, 18.5774
17.6861, 18.7572
17.6861, 19.1169
17.6861, 19.2967
17.6861, 19.4765
17.6861, 19.6563
17.6861, 19.8362
17.6861, 20.0160
17.6861, 20.3756
17.6861, 20.7353
17.6861, 21.0949
17.6861, 21.4546
17.6861, 21.8142
17.6861, 22.1738
17.6861, 22.5335
17.6861, 22.7133
17.6861, 22.8931
17.6861, 23.0729
17.6861, 23.2527
17.6861, 23.6124
17.6861, 23.7922
17.6861, 23.9720
17.6861, 24.1518
17.6861, 24.3317
17.6861, 24.5115
17.6861, 24.8711
17.6861, 25.2308
17.6861, 25.7702
17.6861, 26.1299
17.6861, 26.4895
17.6861, 26.6693
17.6861, 26.8492
17.6861, 27.0290
17.6861, 27.2088
17.6861, 27.5684
17.6861, 27.7482
17.6861, 27.9281
17.6861, 28.1079
17.6861, 28.2877
17.6861, 28.4675
17.6861, 28.8272
17.6861, 29.1868
17.7700, 29.6450
17.8000, 9.7500
17.8659, 12.6434
17.8659, 13.0030
17.8659, 13.1828
17.8659, 13.5425
17.8659, 13.9021
17.8659, 14.2617
17.8659, 14.6214
17.8659, 14.9810
17.8659, 15.3407
17.8659, 15.7003
17.8659, 16.2398
17.8659, 16.5994
17.8659, 16.9591
17.8659, 17.1389
17.8659, 17.4985
17.8659, 17.8581
17.8659, 18.2178
17.8659, 18.5774
17.8659, 18.9371
17.8659, 19.2967
17.8659, 19.6563
17.8659, 20.1958
17.8659, 20.5555
17.8659, 20.9151
17.8659, 21.2747
17.8659, 21.6344
17.8659, 21.9940
17.8659, 22.3536
17.8659, 22.7133
17.8659, 23.0729
17.8659, 23.4326
17.8659, 23.7922
17.8659, 24.1518
17.8659, 24.6913
17.8659, 25.0510
17.8659, 25.4106
17.8659, 25.5904
17.8659, 25.9501
17.8659, 26.3097
17.8659, 26.6693
17.8659, 27.0290
17.8659, 27.3886
17.8659, 27.7482
17.8659, 28.1079
17.8659, 28.6473
17.8659, 29.0070
17.8659, 29.3666
17.9663, 8.6512
17.9663, 9.0512
18.0458, 13.1828
18.0458, 13.5425
18.0458, 13.9021
18.0458, 14.4416
18.0458, 14.8012
18.0458, 15.1608
18.0458, 15.5205
18.0458, 15.8801
18.0458, 16.2398
18.0458, 16.5994
18.0458, 16.9591
18.0458, 17.1389
18.0458, 17.4985
18.0458, 17.8581
18.0458, 18.3976
18.0458, 18.7572
18.0458, 19.1169
18.0458, 19.4765
18.0458, 19.8362
18.0458, 20.1958
18.0458, 20.5555
18.0458, 20.9151
18.0458, 21.0949
18.0458, 21.4546
18.0458, 21.6344
18.0458, 21.9940
18.0458, 22.3536
18.0458, 22.8931
18.0458, 23.2527
18.0458, 23.6124
18.0458, 23.9720
18.0458, 24.3317
18.0458, 24.6913
18.0458, 25.0510
18.0458, 25.4106
18.0458, 25.5904
18.0458, 25.9501
18.0458, 26.3097
18.0458, 26.8492
18.0458, 27.2088
18.0458, 27.5684
18.0458, 27.9281
18.0458, 28.2877
18.0458, 28.6473
18.0458, 29.0070
18.0458, 29.3666
18.2000, 9.3500
18.2000, 10.1500
18.2256, 12.8232
18.2256, 13.3627
18.2256, 13.7223
18.2256, 14.0819
18.2256, 14.2617
18.2256, 14.4416
18.2256, 14.6214
18.2256, 14.8012
18.2256, 14.9810
18.2256, 15.3407
18.2256, 15.5205
18.2256, 15.7003
18.2256, 15.8801
18.2256, 16.0600
18.2256, 16.4196
18.2256, 16.7792
18.2256, 17.3187
18.2256, 17.6783
18.2256, 18.0380
18.2256, 18.2178
18.2256, 18.3976
18.2256, 18.5774
18.2256, 18.7572
18.2256, 18.9371
18.2256, 19.2967
18.2256, 19.4765
18.2256, 19.6563
18.2256, 19.8362
18.2256, 20.0160
18.2256, 20.3756
18.2256, 20.7353
18.2256, 21.2747
18.2256, 21.8142
18.2256, 22.1738
18.2256, 22.5335
18.2256, 22.7133
18.2256, 22.8931
18.2256, 23.0729
18.2256, 23.2527
18.2256, 23.4326
18.2256, 23.7922
18.2256, 23.9720
18.2256, 24.1518
18.2256, 24.3317
18.2256, 24.5115
18.2256, 24.8711
18.2256, 25.2308
18.2256, 25.7702
18.2256, 26.1299
18.2256, 26.4895
18.2256, 26.6693
18.2256, 26.8492
18.2256, 27.0290
18.2256, 27.2088
18.2256, 27.3886
18.2256, 27.7482
18.2256, 27.9281
18.2256, 28.1079
18.2256, 28.2877
18.2256, 28.4675
18.2256, 28.8272
18.2256, 29.1868
18.3664, 8.6512
18.3664, 9.0512
18.4000, 12.2750
18.4054, 13.1828
18.4054, 13.5425
18.4054, 13.9021
18.4054, 15.1608
18.4054, 16.2398
18.4054, 16.5994
18.4054, 16.9591
18.4054, 17.1389
18.4054, 17.4985
18.4054, 17.8581
18.4054, 19.1169
18.4054, 20.1958
18.4054, 20.5555
18.4054, 20.9151
18.4054, 21.0949
18.4054, 21.4546
18.4054, 21.6344
18.4054, 21.9940
18.4054, 22.3536
18.4054, 23.6124
18.4054, 24.6913
18.4054, 25.0510
18.4054, 25.4106
18.4054, 25.5904
18.4054, 25.9501
18.4054, 26.3097
18.4054, 27.5684
18.4054, 28.6473
18.4054, 29.0070
18.4054, 29.3666
18.5852, 12.8232
18.5852, 13.3627
18.5852, 13.7223
18.5852, 14.0819
18.5852, 14.2617
18.5852, 14.4416
18.5852, 14.6214
18.5852, 14.8012
18.5852, 14.9810
18.5852, 15.3407
18.5852, 15.5205
18.5852, 15.7003
18.5852, 15.8801
18.5852, 16.0600
18.5852, 16.4196
18.5852, 16.7792
18.5852, 17.3187
18.5852, 17.6783
18.5852, 18.0380
18.5852, 18.2178
18.5852, 18.3976
18.5852, 18.5774
18.5852, 18.7572
18.5852, 18.9371
18.5852, 19.2967
18.5852, 19.4765
18.5852, 19.6563
18.5852, 19.8362
18.5852, 20.0160
18.5852, 20.3756
18.5852, 20.7353
18.5852, 21.2747
18.5852, 21.8142
18.5852, 22.1738
18.5852, 22.5335
18.5852, 22.7133
18.5852, 22.8931
18.5852, 23.0729
18.5852, 23.2527
18.5852, 23.4326
18.5852, 23.7922
18.5852, 23.9720
18.5852, 24.1518
18.5852, 24.3317
18.5852, 24.5115
18.5852, 24.8711
18.5852, 25.2308
18.5852, 25.7702
18.5852, 26.1299
18.5852, 26.4895
18.5852, 26.6693
18.5852, 26.8492
18.5852, 27.0290
18.5852, 27.2088
18.5852, 27.3886
18.5852, 27.7482
18.5852, 27.9281
18.5852, 28.1079
18.5852, 28.2877
18.5852, 28.4675
18.5852, 28.8272
18.5852, 29.1868
18.6000, 9.7500
18.6700, 29.6450
18.7600, 21.4550
18.7650, 13.1828
18.7650, 13.5425
18.7650, 13.9021
18.7650, 14.2617
18.7650, 14.4416
18.7650, 14.6214
18.7650, 14.8012
18.7650, 15.1608
18.7650, 15.3407
18.7650, 15.5205
18.7650, 15.7003
18.7650, 15.8801
18.7650, 16.2398
18.7650, 16.5994
18.7650, 16.9591
18.7650, 17.1389
18.7650, 17.4985
18.7650, 17.8581
18.7650, 18.2178
18.7650, 18.3976
18.7650, 18.5774
18.7650, 18.7572
18.7650, 19.1169
18.7650, 19.2967
18.7650, 19.4765
18.7650, 19.6563
18.7650, 19.8362
18.7650, 20.1958
18.7650, 20.5555
18.7650, 20.9151
18.7650, 21.0949
18.7650, 21.6344
18.7650, 21.9940
18.7650, 22.3536
18.7650, 22.7133
18.7650, 22.8931
18.7650, 23.0729
18.7650, 23.2527
18.7650, 23.6124
18.7650, 23.7922
18.7650, 23.9720
18.7650, 24.1518
18.7650, 24.3317
18.7650, 24.6913
18.7650, 25.0510
18.7650, 25.4106
18.7650, 25.5904
18.7650, 25.9501
18.7650, 26.3097
18.7650, 26.6693
18.7650, 26.8492
18.7650, 27.0290
18.7650, 27.2088
18.7650, 27.5684
18.7650, 27.7482
18.7650, 27.9281
18.7650, 28.1079
18.7650, 28.2877
18.7650, 28.6473
18.7650, 29.0070
18.7650, 29.3666
18.7663, 8.6512
18.7663, 9.0512
18.9449, 12.8232
18.9449, 13.3627
18.9449, 13.7223
18.9449, 14.0819
18.9449, 14.9810
18.9449, 16.0600
18.9449, 16.4196
18.9449, 16.7792
18.9449, 17.3187
18.9449, 17.6783
18.9449, 18.0380
18.9449, 18.9371
18.9449, 20.0160
18.9449, 20.3756
18.9449, 20.7353
18.9449, 21.2747
18.9449, 21.8142
18.9449, 22.1738
18.9449, 22.5335
18.9449, 23.4326
18.9449, 24.5115
18.9449, 24.8711
18.9449, 25.2308
18.9449, 25.7702
18.9449, 26.1299
18.9449, 26.4895
18.9449, 27.3886
18.9449, 28.4675
18.9449, 28.8272
18.9449, 29.1868
19.0000, 9.3500
19.0000, 10.1500
19.1247, 13.1828
19.1247, 13.5425
19.1247, 13.9021
19.1247, 14.2617
19.1247, 14.4416
19.1247, 14.6214
19.1247, 14.8012
19.1247, 15.1608
19.1247, 15.3407
19.1247, 15.5205
19.1247, 15.7003
19.1247, 15.8801
19.1247, 16.2398
19.1247, 16.5994
19.1247, 16.9591
19.1247, 17.1389
19.1247, 17.4985
19.1247, 17.8581
19.1247, 18.2178
19.1247, 18.3976
19.1247, 18.5774
19.1247, 18.7572
19.1247, 19.1169
19.1247, 19.2967
19.1247, 19.4765
19.1247, 19.6563
19.1247, 19.8362
19.1247, 20.1958
19.1247, 20.5555
19.1247, 20.9151
19.1247, 21.0949
19.1247, 21.4546
19.1247, 21.6344
19.1247, 21.9940
19.1247, 22.3536
19.1247, 22.7133
19.1247, 22.8931
19.1247, 23.0729
19.1247, 23.2527
19.1247, 23.6124
19.1247, 23.7922
19.1247, 23.9720
19.1247, 24.1518
19.1247, 24.3317
19.1247, 24.6913
19.1247, 25.0510
19.1247, 25.4106
19.1247, 25.5904
19.1247, 25.9501
19.1247, 26.3097
19.1247, 26.6693
19.1247, 26.8492
19.1247, 27.0290
19.1247, 27.2088
19.1247, 27.5684
19.1247, 27.7482
19.1247, 27.9281
19.1247, 28.1079
19.1247, 28.2877
19.1247, 28.6473
19.1247, 29.0070
19.1247, 29.3666
19.1664, 8.6512
19.1664, 9.0512
19.3000, 12.2750
19.3045, 12.8232
19.3045, 13.3627
19.3045, 13.7223
19.3045, 14.0819
19.3045, 14.2617
19.3045, 14.4416
19.3045, 14.6214
19.3045, 14.8012
19.3045, 14.9810
19.3045, 15.3407
19.3045, 15.5205
19.3045, 15.7003
19.3045, 15.8801
19.3045, 16.0600
19.3045, 16.4196
19.3045, 16.7792
19.3045, 17.3187
19.3045, 17.6783
19.3045, 18.0380
19.3045, 18.2178
19.3045, 18.3976
19.3045, 18.5774
19.3045, 18.7572
19.3045, 18.9371
19.3045, 19.2967
19.3045, 19.4765
19.3045, 19.6563
19.3045, 19.8362
19.3045, 20.0160
19.3045, 20.3756
19.3045, 20.7353
19.3045, 21.2747
19.3045, 21.8142
19.3045, 22.1738
19.3045, 22.5335
19.3045, 22.7133
19.3045, 22.8931
19.3045, 23.0729
19.3045, 23.2527
19.3045, 23.4326
19.3045, 23.7922
19.3045, 23.9720
19.3045, 24.1518
19.3045, 24.3317
19.3045, 24.5115
19.3045, 24.8711
19.3045, 25.2308
19.3045, 25.7702
19.3045, 26.1299
19.3045, 26.4895
19.3045, 26.6693
19.3045, 26.8492
19.3045, 27.0290
19.3045, 27.2088
19.3045, 27.3886
19.3045, 27.7482
19.3045, 27.9281
19.3045, 28.1079
19.3045, 28.2877
19.3045, 28.4675
19.3045, 28.8272
19.3045, 29.1868
19.4000, 9.7500
19.4800, 21.4550
19.4843, 13.1828
19.4843, 13.5425
19.4843, 13.9021
19.4843, 15.1608
19.4843, 16.2398
19.4843, 16.5994
19.4843, 16.9591
19.4843, 17.1389
19.4843, 17.4985
19.4843, 17.8581
19.4843, 19.1169
19.4843, 20.1958
19.4843, 20.5555
19.4843, 20.9151
19.4843, 21.0949
19.4843, 21.6344
19.4843, 21.9940
19.4843, 22.3536
19.4843, 23.6124
19.4843, 24.6913
19.4843, 25.0510
19.4843, 25.4106
19.4843, 25.5904
19.4843, 25.9501
19.4843, 26.3097
19.4843, 27.5684
19.4843, 28.6473
19.4843, 29.0070
19.4843, 29.3666
19.5663, 8.6512
19.5663, 9.0512
19.5700, 29.6450
19.6641, 12.8232
19.6641, 13.3627
19.6641, 13.7223
19.6641, 14.0819
19.6641, 14.2617
19.6641, 14.4416
19.6641, 14.6214
19.6641, 14.8012
19.6641, 14.9810
19.6641, 15.3407
19.6641, 15.5205
19.6641, 15.7003
19.6641, 15.8801
19.6641, 16.0600
19.6641, 16.4196
19.6641, 16.7792
19.6641, 17.3187
19.6641, 17.6783
19.6641, 18.0380
19.6641, 18.2178
19.6641, 18.3976
19.6641, 18.5774
19.6641, 18.7572
19.6641, 18.9371
19.6641, 19.2967
19.6641, 19.4765
19.6641, 19.6563
19.6641, 19.8362
19.6641, 20.0160
19.6641, 20.3756
19.6641, 20.7353
19.6641, 21.2747
19.6641, 21.8142
19.6641, 22.1738
19.6641, 22.5335
19.6641, 22.7133
19.6641, 22.8931
19.6641, 23.0729
19.6641, 23.2527
19.6641, 23.4326
19.6641, 23.7922
19.6641, 23.9720
19.6641, 24.1518
19.6641, 24.3317
19.6641, 24.5115
19.6641, 24.8711
19.6641, 25.2308
19.6641, 25.7702
19.6641, 26.1299
19.6641, 26.4895
19.6641, 26.6693
19.6641, 26.8492
19.6641, 27.0290
19.6641, 27.2088
19.6641, 27.3886
19.6641, 27.7482
19.6641, 27.9281
19.6641, 28.1079
19.6641, 28.2877
19.6641, 28.4675
19.6641, 28.8272
19.6641, 29.1868
19.7500, 17.0450
19.7500, 25.5050
19.7528, 13.0956
19.8000, 9.3500
19.8000, 10.1500
19.8440, 13.3627
19.8440, 13.7223
19.8440, 14.0819
19.8440, 14.2617
19.8440, 14.4416
19.8440, 14.6214
19.8440, 14.8012
19.8440, 15.1608
19.8440, 15.3407
19.8440, 15.5205
19.8440, 15.7003
19.8440, 15.8801
19.8440, 16.0600
19.8440, 16.4196
19.8440, 16.7792
19.8440, 17.3187
19.8440, 17.6783
19.8440, 18.0380
19.8440, 18.2178
19.8440, 18.3976
19.8440, 18.5774
19.8440, 18.7572
19.8440, 19.1169
19.8440, 19.2967
19.8440, 19.4765
19.8440, 19.6563
19.8440, 19.8362
19.8440, 20.0160
19.8440, 20.3756
19.8440, 20.7353
19.8440, 21.0949
19.8440, 21.4546
19.8440, 21.8142
19.8440, 22.1738
19.8440, 22.5335
19.8440, 22.7133
19.8440, 22.8931
19.8440, 23.0729
19.8440, 23.2527
19.8440, 23.6124
19.8440, 23.7922
19.8440, 23.9720
19.8440, 24.1518
19.8440, 24.3317
19.8440, 24.5115
19.8440, 24.8711
19.8440, 25.2308
19.8440, 25.7702
19.8440, 26.1299
19.8440, 26.4895
19.8440, 26.6693
19.8440, 26.8492
19.8440, 27.0290
19.8440, 27.2088
19.8440, 27.5684
19.8440, 27.7482
19.8440, 27.9281
19.8440, 28.1079
19.8440, 28.2877
19.8440, 28.4675
19.8440, 28.8272
19.8440, 29.1868
19.9663, 8.6512
19.9663, 9.0512
20.0238, 12.8232
20.0238, 13.1828
20.0238, 13.5425
20.0238, 13.9021
20.0238, 14.9810
20.0238, 16.2398
20.0238, 16.5994
20.0238, 16.9591
20.0238, 17.1389
20.0238, 17.4985
20.0238, 17.8581
20.0238, 18.9371
20.0238, 20.1958
20.0238, 20.5555
20.0238, 20.9151
20.0238, 21.2747
20.0238, 21.6344
20.0238, 21.9940
20.0238, 22.3536
20.0238, 23.4326
20.0238, 24.6913
20.0238, 25.0510
20.0238, 25.4106
20.0238, 25.5904
20.0238, 25.9501
20.0238, 26.3097
20.0238, 27.3886
20.0238, 28.6473
20.0238, 29.0070
20.0238, 29.3666
20.2000, 9.7500
20.2000, 12.2750
20.2036, 13.3627
20.2036, 13.7223
20.2036, 14.0819
20.2036, 14.2617
20.2036, 14.4416
20.2036, 14.6214
20.2036, 14.8012
20.2036, 15.1608
20.2036, 15.3407
20.2036, 15.5205
20.2036, 15.7003
20.2036, 15.8801
20.2036, 16.0600
20.2036, 16.4196
20.2036, 16.7792
20.2036, 17.3187
20.2036, 17.6783
20.2036, 18.0380
20.2036, 18.2178
20.2036, 18.3976
20.2036, 18.5774
20.2036, 18.7572
20.2036, 19.1169
20.2036, 19.2967
20.2036, 19.4765
20.2036, 19.6563
20.2036, 19.8362
20.2036, 20.0160
20.2036, 20.3756
20.2036, 20.7353
20.2036, 21.0949
20.2036, 21.4546
20.2036, 21.8142
20.2036, 22.1738
20.2036, 22.5335
20.2036, 22.7133
20.2036, 22.8931
20.2036, 23.0729
20.2036, 23.2527
20.2036, 23.6124
20.2036, 23.7922
20.2036, 23.9720
20.2036, 24.1518
20.2036, 24.3317
20.2036, 24.5115
20.2036, 24.8711
20.2036, 25.2308
20.2036, 25.7702
20.2036, 26.1299
20.2036, 26.4895
20.2036, 26.6693
20.2036, 26.8492
20.2036, 27.0290
20.2036, 27.2088
20.2036, 27.5684
20.2036, 27.7482
20.2036, 27.9281
20.2036, 28.1079
20.2036, 28.2877
20.2036, 28.4675
20.2036, 28.8272
20.2036, 29.1868
20.2600, 9.9500
20.3664, 8.6512
20.3664, 9.0512
20.3834, 12.8232
20.3834, 13.1828
20.3834, 13.5425
20.3834, 13.9021
20.3834, 14.2617
20.3834, 14.4416
20.3834, 14.6214
20.3834, 14.8012
20.3834, 14.9810
20.3834, 15.3407
20.3834, 15.5205
20.3834, 15.7003
20.3834, 15.8801
20.3834, 16.2398
20.3834, 16.5994
20.3834, 16.9591
20.3834, 17.1389
20.3834, 17.4985
20.3834, 17.8581
20.3834, 18.2178
20.3834, 18.3976
20.3834, 18.5774
20.3834, 18.7572
20.3834, 18.9371
20.3834, 19.2967
20.3834, 19.4765
20.3834, 19.6563
20.3834, 19.8362
20.3834, 20.1958
20.3834, 20.5555
20.3834, 20.9151
20.3834, 21.2747
20.3834, 21.6344
20.3834, 21.9940
20.3834, 22.3536
20.3834, 22.7133
20.3834, 22.8931
20.3834, 23.0729
20.3834, 23.2527
20.3834, 23.4326
20.3834, 23.7922
20.3834, 23.9720
20.3834, 24.1518
20.3834, 24.3317
20.3834, 24.6913
20.3834, 25.0510
20.3834, 25.4106
20.3834, 25.5904
20.3834, 25.9501
20.3834, 26.3097
20.3834, 26.6693
20.3834, 26.8492
20.3834, 27.0290
20.3834, 27.2088
20.3834, 27.3886
20.3834, 27.7482
20.3834, 27.9281
20.3834, 28.1079
20.3834, 28.2877
20.3834, 28.6473
20.3834, 29.0070
20.3834, 29.3666
20.4380, 9.7740
20.4700, 29.6450
20.5600, 21.4550
20.5632, 13.3627
20.5632, 13.7223
20.5632, 14.0819
20.5632, 15.1608
20.5632, 16.0600
20.5632, 16.4196
20.5632, 16.7792
20.5632, 17.3187
20.5632, 17.6783
20.5632, 18.0380
20.5632, 19.1169
20.5632, 20.0160
20.5632, 20.3756
20.5632, 20.7353
20.5632, 21.0949
20.5632, 21.8142
20.5632, 22.1738
20.5632, 22.5335
20.5632, 23.6124
20.5632, 24.5115
20.5632, 24.8711
20.5632, 25.2308
20.5632, 25.7702
20.5632, 26.1299
20.5632, 26.4895
20.5632, 27.5684
20.5632, 28.4675
20.5632, 28.8272
20.5632, 29.1868
20.6000, 9.3500
20.6000, 10.1500
20.7431, 12.8232
20.7431, 13.1828
20.7431, 13.5425
20.7431, 13.9021
20.7431, 14.2617
20.7431, 14.4416
20.7431, 14.6214
20.7431, 14.8012
20.7431, 14.9810
20.7431, 15.3407
20.7431, 15.5205
20.7431, 15.7003
20.7431, 15.8801
20.7431, 16.2398
20.7431, 16.5994
20.7431, 16.9591
20.7431, 17.1389
20.7431, 17.4985
20.7431, 17.8581
20.7431, 18.2178
20.7431, 18.3976
20.7431, 18.5774
20.7431, 18.7572
20.7431, 18.9371
20.7431, 19.2967
20.7431, 19.4765
20.7431, 19.6563
20.7431, 19.8362
20.7431, 20.1958
20.7431, 20.5555
20.7431, 20.9151
20.7431, 21.2747
20.7431, 21.6344
20.7431, 21.9940
20.7431, 22.3536
20.7431, 22.7133
20.7431, 22.8931
20.7431, 23.0729
20.7431, 23.2527
20.7431, 23.4326
20.7431, 23.7922
20.7431, 23.9720
20.7431, 24.1518
20.7431, 24.3317
20.7431, 24.6913
20.7431, 25.0510
20.7431, 25.4106
20.7431, 25.5904
20.7431, 25.9501
20.7431, 26.3097
20.7431, 26.6693
20.7431, 26.8492
20.7431, 27.0290
20.7431, 27.2088
20.7431, 27.3886
20.7431, 27.7482
20.7431, 27.9281
20.7431, 28.1079
20.7431, 28.2877
20.7431, 28.6473
20.7431, 29.0070
20.7431, 29.3666
20.7663, 8.6512
20.7663, 9.0512
20.9229, 13.3627
20.9229, 13.7223
20.9229, 14.0819
20.9229, 14.2617
20.9229, 14.4416
20.9229, 14.6214
20.9229, 14.8012
20.9229, 15.1608
20.9229, 15.3407
20.9229, 15.5205
20.9229, 15.7003
20.9229, 15.8801
20.9229, 16.0600
20.9229, 16.4196
20.9229, 16.7792
20.9229, 17.3187
20.9229, 17.6783
20.9229, 18.0380
20.9229, 18.2178
20.9229, 18.3976
20.9229, 18.5774
20.9229, 18.7572
20.9229, 19.1169
20.9229, 19.2967
20.9229, 19.4765
20.9229, 19.6563
20.9229, 19.8362
20.9229, 20.0160
20.9229, 20.3756
20.9229, 20.7353
20.9229, 21.0949
20.9229, 21.4546
20.9229, 21.8142
20.9229, 22.1738
20.9229, 22.5335
20.9229, 22.7133
20.9229, 22.8931
20.9229, 23.0729
20.9229, 23.2527
20.9229, 23.6124
20.9229, 23.7922
20.9229, 23.9720
20.9229, 24.1518
20.9229, 24.3317
20.9229, 24.5115
20.9229, 24.8711
20.9229, 25.2308
20.9229, 25.7702
20.9229, 26.1299
20.9229, 26.4895
20.9229, 26.6693
20.9229, 26.8492
20.9229, 27.0290
20.9229, 27.2088
20.9229, 27.5684
20.9229, 27.7482
20.9229, 27.9281
20.9229, 28.1079
20.9229, 28.2877
20.9229, 28.4675
20.9229, 28.8272
20.9229, 29.1868
20.9420, 9.9560
21.0000, 9.7500
21.1000, 12.2750
21.1027, 12.8232
21.1027, 13.1828
21.1027, 13.5425
21.1027, 13.9021
21.1027, 14.9810
21.1027, 16.2398
21.1027, 16.5994
21.1027, 16.9591
21.1027, 17.1389
21.1027, 17.4985
21.1027, 17.8581
21.1027, 18.9371
21.1027, 20.1958
21.1027, 20.5555
21.1027, 20.9151
21.1027, 21.2747
21.1027, 21.6344
21.1027, 21.9940
21.1027, 22.3536
21.1027, 23.4326
21.1027, 24.6913
21.1027, 25.0510
21.1027, 25.4106
21.1027, 25.5904
21.1027, 25.9501
21.1027, 26.3097
21.1027, 27.3886
21.1027, 28.6473
21.1027, 29.0070
21.1027, 29.3666
21.1664, 8.6512
21.1664, 9.0512
21.1800, 9.8390
21.2800, 21.4550
21.2825, 13.3627
21.2825, 13.7223
21.2825, 14.0819
21.2825, 14.2617
21.2825, 14.4416
21.2825, 14.6214
21.2825, 14.8012
21.2825, 15.1608
21.2825, 15.3407
21.2825, 15.5205
21.2825, 15.7003
21.2825, 15.8801
21.2825, 16.0600
21.2825, 16.4196
21.2825, 16.7792
21.2825, 17.3187
21.2825, 17.6783
21.2825, 18.0380
21.2825, 18.2178
21.2825, 18.3976
21.2825, 18.5774
21.2825, 18.7572
21.2825, 19.1169
21.2825, 19.2967
21.2825, 19.4765
21.2825, 19.6563
21.2825, 19.8362
21.2825, 20.0160
21.2825, 20.3756
21.2825, 20.7353
21.2825, 21.0949
21.2825, 21.8142
21.2825, 22.1738
21.2825, 22.5335
21.2825, 22.7133
21.2825, 22.8931
21.2825, 23.0729
21.2825, 23.2527
21.2825, 23.6124
21.2825, 23.7922
21.2825, 23.9720
21.2825, 24.1518
21.2825, 24.3317
21.2825, 24.5115
21.2825, 24.8711
21.2825, 25.2308
21.2825, 25.7702
21.2825, 26.1299
21.2825, 26.4895
21.2825, 26.6693
21.2825, 26.8492
21.2825, 27.0290
21.2825, 27.2088
21.2825, 27.5684
21.2825, 27.7482
21.2825, 27.9281
21.2825, 28.1079
21.2825, 28.2877
21.2825, 28.4675
21.2825, 28.8272
21.2825, 29.1868
21.3700, 29.6450
21.4000, 8.5500
21.4000, 8.9500
21.4000, 9.3500
21.4000, 10.1500
21.4623, 12.8232
21.4623, 13.1828
21.4623, 13.5425
21.4623, 13.9021
21.4623, 14.2617
21.4623, 14.6214
21.4623, 14.9810
21.4623, 15.3407
21.4623, 15.7003
21.4623, 16.2398
21.4623, 16.5994
21.4623, 16.9591
21.4623, 17.1389
21.4623, 17.4985
21.4623, 17.8581
21.4623, 18.2178
21.4623, 18.5774
21.4623, 18.9371
21.4623, 19.2967
21.4623, 19.6563
21.4623, 20.1958
21.4623, 20.5555
21.4623, 20.9151
21.4623, 21.2747
21.4623, 21.6344
21.4623, 21.9940
21.4623, 22.3536
21.4623, 22.7133
21.4623, 23.0729
21.4623, 23.4326
21.4623, 23.7922
21.4623, 24.1518
21.4623, 24.6913
21.4623, 25.0510
21.4623, 25.4106
21.4623, 25.5904
21.4623, 25.9501
21.4623, 26.3097
21.4623, 26.6693
21.4623, 27.0290
21.4623, 27.3886
21.4623, 27.7482
21.4623, 28.1079
21.4623, 28.6473
21.4623, 29.0070
21.4623, 29.3666
21.6110, 9.7890
21.6422, 13.1828
21.6422, 13.5425
21.6422, 13.9021
21.6422, 14.4416
21.6422, 14.8012
21.6422, 15.1608
21.6422, 15.5205
21.6422, 15.8801
21.6422, 16.2398
21.6422, 16.5994
21.6422, 16.9591
21.6422, 17.1389
21.6422, 17.4985
21.6422, 17.8581
21.6422, 18.3976
21.6422, 18.7572
21.6422, 19.1169
21.6422, 19.4765
21.6422, 19.8362
21.6422, 20.1958
21.6422, 20.5555
21.6422, 20.9151
21.6422, 21.0949
21.6422, 21.4546
21.6422, 21.6344
21.6422, 21.9940
21.6422, 22.3536
21.6422, 22.8931
21.6422, 23.2527
21.6422, 23.6124
21.6422, 23.9720
21.6422, 24.6913
21.6422, 25.0510
21.6422, 25.4106
21.6422, 25.5904
21.6422, 25.9501
21.6422, 26.3097
21.6422, 26.8492
21.6422, 27.2088
21.6422, 27.5684
21.6422, 27.9281
21.6422, 28.2877
21.6422, 28.6473
21.6422, 29.0070
21.6422, 29.3666
21.8000, 9.7500
21.8220, 12.8232
21.8220, 13.3627
21.8220, 13.7223
21.8220, 14.0819
21.8220, 14.2617
21.8220, 14.4416
21.8220, 14.6214
21.8220, 14.8012
21.8220, 14.9810
21.8220, 15.3407
21.8220, 15.5205
21.8220, 15.7003
21.8220, 15.8801
21.8220, 16.0600
21.8220, 16.4196
21.8220, 16.7792
21.8220, 17.3187
21.8220, 17.6783
21.8220, 18.0380
21.8220, 18.2178
21.8220, 18.3976
21.8220, 18.5774
21.8220, 18.7572
21.8220, 18.9371
21.8220, 19.2967
21.8220, 19.4765
21.8220, 19.6563
21.8220, 19.8362
21.8220, 20.0160
21.8220, 20.3756
21.8220, 20.7353
21.8220, 21.2747
21.8220, 21.8142
21.8220, 22.1738
21.8220, 22.5335
21.8220, 22.7133
21.8220, 22.8931
21.8220, 23.0729
21.8220, 23.2527
21.8220, 23.4326
21.8220, 23.7922
21.8220, 23.9720
21.8220, 24.1518
21.8220, 24.3317
21.8220, 24.5115
21.8220, 24.8711
21.8220, 25.2308
21.8220, 25.7702
21.8220, 26.1299
21.8220, 26.4895
21.8220, 26.6693
21.8220, 26.8492
21.8220, 27.0290
21.8220, 27.2088
21.8220, 27.3886
21.8220, 27.7482
21.8220, 27.9281
21.8220, 28.1079
21.8220, 28.2877
21.8220, 28.4675
21.8220, 28.8272
21.8220, 29.1868
21.8540, 9.9570
21.9987, 8.5500
21.9994, 8.9539
22.0000, 12.2750
22.0018, 13.1828
22.0018, 13.5425
22.0018, 13.9021
22.0018, 15.1608
22.0018, 16.2398
22.0018, 16.5994
22.0018, 16.9591
22.0018, 17.1389
22.0018, 17.4985
22.0018, 17.8581
22.0018, 19.1169
22.0018, 20.1958
22.0018, 20.5555
22.0018, 20.9151
22.0018, 21.0949
22.0018, 21.4546
22.0018, 21.6344
22.0018, 21.9940
22.0018, 22.3536
22.0018, 23.6124
22.0018, 24.6913
22.0018, 25.0510
22.0018, 25.4106
22.0018, 25.5904
22.0018, 25.9501
22.0018, 26.3097
22.0018, 27.5684
22.0018, 28.6473
22.0018, 29.0070
22.0018, 29.3666
22.1816, 12.8232
22.1816, 13.3627
22.1816, 13.7223
22.1816, 14.0819
22.1816, 14.2617
22.1816, 14.4416
22.1816, 14.6214
22.1816, 14.8012
22.1816, 14.9810
22.1816, 15.3407
22.1816, 15.5205
22.1816, 15.7003
22.1816, 15.8801
22.1816, 16.0600
22.1816, 16.4196
22.1816, 16.7792
22.1816, 17.3187
22.1816, 17.6783
22.1816, 18.0380
22.1816, 18.2178
22.1816, 18.3976
22.1816, 18.5774
22.1816, 18.7572
22.1816, 18.9371
22.1816, 19.2967
22.1816, 19.4765
22.1816, 19.6563
22.1816, 19.8362
22.1816, 20.0160
22.1816, 20.3756
22.1816, 20.7353
22.1816, 21.2747
22.1816, 21.8142
22.1816, 22.1738
22.1816, 22.5335
22.1816, 22.7133
22.1816, 22.8931
22.1816, 23.0729
22.1816, 23.2527
22.1816, 23.4326
22.1816, 23.7922
22.1816, 23.9720
22.1816, 24.1518
22.1816, 24.3317
22.1816, 24.5115
22.1816, 24.8711
22.1816, 25.2308
22.1816, 25.7702
22.1816, 26.1299
22.1816, 26.4895
22.1816, 26.6693
22.1816, 26.8492
22.1816, 27.0290
22.1816, 27.2088
22.1816, 27.3886
22.1816, 27.7482
22.1816, 27.9281
22.1816, 28.1079
22.1816, 28.2877
22.1816, 28.4675
22.1816, 28.8272
22.1816, 29.1868
22.2000, 8.5500
22.2000, 8.9500
22.2000, 9.3500
22.2000, 10.1500
22.2700, 29.6450
22.3600, 21.4550
22.3614, 13.1828
22.3614, 13.5425
22.3614, 13.9021
22.3614, 14.6214
22.3614, 15.1608
22.3614, 15.5205
22.3614, 16.2398
22.3614, 16.5994
22.3614, 16.9591
22.3614, 17.1389
22.3614, 17.4985
22.3614, 17.8581
22.3614, 18.5774
22.3614, 19.1169
22.3614, 19.4765
22.3614, 20.1958
22.3614, 20.5555
22.3614, 20.9151
22.3614, 21.0949
22.3614, 21.6344
22.3614, 21.9940
22.3614, 22.3536
22.3614, 23.0729
22.3614, 23.6124
22.3614, 23.9720
22.3614, 24.6913
22.3614, 25.0510
22.3614, 25.4106
22.3614, 25.5904
22.3614, 25.9501
22.3614, 26.3097
22.3614, 27.0290
22.3614, 27.5684
22.3614, 27.9281
22.3614, 28.6473
22.3614, 29.0070
22.3614, 29.3666
22.5400, 15.8750
22.5400, 18.2150
22.5400, 19.8350
22.5400, 22.7150
22.5400, 24.3350
22.5400, 26.6750
22.5400, 28.2950
22.5413, 12.8232
22.5413, 13.3627
22.5413, 13.7223
22.5413, 14.0819
22.5413, 14.4416
22.5413, 14.8012
22.5413, 14.9810
22.5413, 15.3407
22.5413, 15.7003
22.5413, 16.0600
22.5413, 16.4196
22.5413, 16.7792
22.5413, 17.3187
22.5413, 17.6783
22.5413, 18.0380
22.5413, 18.3976
22.5413, 18.7572
22.5413, 18.9371
22.5413, 19.2967
22.5413, 19.6563
22.5413, 20.0160
22.5413, 20.3756
22.5413, 20.7353
22.5413, 21.2747
22.5413, 21.8142
22.5413, 22.1738
22.5413, 22.5335
22.5413, 22.8931
22.5413, 23.2527
22.5413, 23.4326
22.5413, 23.7922
22.5413, 24.1518
22.5413, 24.5115
22.5413, 24.8711
22.5413, 25.2308
22.5413, 25.7702
22.5413, 26.1299
22.5413, 26.4895
22.5413, 26.8492
22.5413, 27.2088
22.5413, 27.3886
22.5413, 27.7482
22.5413, 28.1079
22.5413, 28.4675
22.5413, 28.8272
22.5413, 29.1868
22.5435, 14.2622
22.6000, 8.5500
22.6000, 8.9500
22.6000, 9.7500
22.7211, 13.1828
22.7211, 13.5425
22.7211, 13.9021
22.7211, 14.4416
22.7211, 14.6214
22.7211, 14.8012
22.7211, 15.1608
22.7211, 15.3407
22.7211, 15.5205
22.7211, 15.7003
22.7211, 16.2398
22.7211, 16.5994
22.7211, 16.9591
22.7211, 17.1389
22.7211, 17.4985
22.7211, 17.8581
22.7211, 18.3976
22.7211, 18.5774
22.7211, 18.7572
22.7211, 19.1169
22.7211, 19.2967
22.7211, 19.4765
22.7211, 19.6563
22.7211, 20.1958
22.7211, 20.5555
22.7211, 20.9151
22.7211, 21.0949
22.7211, 21.4546
22.7211, 21.6344
22.7211, 21.9940
22.7211, 22.3536
22.7211, 22.8931
22.7211, 23.0729
22.7211, 23.2527
22.7211, 23.6124
22.7211, 23.7922
22.7211, 23.9720
22.7211, 24.1518
22.7211, 24.6913
22.7211, 25.0510
22.7211, 25.4106
22.7211, 25.5904
22.7211, 25.9501
22.7211, 26.3097
22.7211, 26.8492
22.7211, 27.0290
22.7211, 27.2088
22.7211, 27.5684
22.7211, 27.7482
22.7211, 27.9281
22.7211, 28.1079
22.7211, 28.6473
22.7211, 29.0070
22.7211, 29.3666
22.9000, 12.2750
22.9009, 13.0030
22.9009, 13.3627
22.9009, 13.7223
22.9009, 14.0819
22.9009, 14.6214
22.9009, 14.9810
22.9009, 15.5205
22.9009, 16.0600
22.9009, 16.4196
22.9009, 16.7792
22.9009, 17.3187
22.9009, 17.6783
22.9009, 18.0380
22.9009, 18.5774
22.9009, 18.9371
22.9009, 19.4765
22.9009, 20.0160
22.9009, 20.3756
22.9009, 20.7353
22.9009, 21.2747
22.9009, 21.8142
22.9009, 22.1738
22.9009, 22.5335
22.9009, 23.0729
22.9009, 23.4326
22.9009, 23.9720
22.9009, 24.5115
22.9009, 24.8711
22.9009, 25.2308
22.9009, 25.7702
22.9009, 26.1299
22.9009, 26.4895
22.9009, 27.0290
22.9009, 27.3886
22.9009, 27.9281
22.9009, 28.4675
22.9009, 28.8272
22.9009, 29.1868
23.0000, 8.5500
23.0000, 8.9500
23.0000, 9.3500
23.0000, 10.1500
23.0800, 14.2550
23.0800, 15.8750
23.0800, 18.2150
23.0800, 19.8350
23.0800, 21.4550
23.0800, 22.7150
23.0800, 24.3350
23.0800, 26.6750
23.0800, 28.2950
23.0807, 13.1828
23.0807, 13.5425
23.0807, 13.9021
23.0807, 14.4416
23.0807, 14.8012
23.0807, 15.1608
23.0807, 15.3407
23.0807, 15.7003
23.0807, 16.2398
23.0807, 16.5994
23.0807, 16.9591
23.0807, 17.1389
23.0807, 17.4985
23.0807, 17.8581
23.0807, 18.3976
23.0807, 18.7572
23.0807, 19.1169
23.0807, 19.2967
23.0807, 19.6563
23.0807, 20.1958
23.0807, 20.5555
23.0807, 20.9151
23.0807, 21.0949
23.0807, 21.6344
23.0807, 21.9940
23.0807, 22.3536
23.0807, 22.8931
23.0807, 23.2527
23.0807, 23.6124
23.0807, 23.7922
23.0807, 24.1518
23.0807, 24.6913
23.0807, 25.0510
23.0807, 25.4106
23.0807, 25.5904
23.0807, 25.9501
23.0807, 26.3097
23.0807, 26.8492
23.0807, 27.2088
23.0807, 27.5684
23.0807, 27.7482
23.0807, 28.1079
23.0807, 28.6473
23.0807, 29.0070
23.0807, 29.3666
23.1700, 29.6450
23.2605, 13.0030
23.2605, 13.3627
23.2605, 13.7223
23.2605, 14.0819
23.2605, 14.4416
23.2605, 14.6214
23.2605, 14.8012
23.2605, 14.9810
23.2605, 15.3407
23.2605, 15.5205
23.2605, 15.7003
23.2605, 16.0600
23.2605, 16.4196
23.2605, 16.7792
23.2605, 17.3187
23.2605, 17.6783
23.2605, 18.0380
23.2605, 18.3976
23.2605, 18.5774
23.2605, 18.7572
23.2605, 18.9371
23.2605, 19.2967
23.2605, 19.4765
23.2605, 19.6563
23.2605, 20.0160
23.2605, 20.3756
23.2605, 20.7353
23.2605, 21.2747
23.2605, 21.8142
23.2605, 22.1738
23.2605, 22.5335
23.2605, 22.8931
23.2605, 23.0729
23.2605, 23.2527
23.2605, 23.4326
23.2605, 23.7922
23.2605, 23.9720
23.2605, 24.1518
23.2605, 24.5115
23.2605, 24.8711
23.2605, 25.2308
23.2605, 25.7702
23.2605, 26.1299
23.2605, 26.4895
23.2605, 26.8492
23.2605, 27.0290
23.2605, 27.2088
23.2605, 27.3886
23.2605, 27.7482
23.2605, 27.9281
23.2605, 28.1079
23.2605, 28.4675
23.2605, 28.8272
23.2605, 29.1868
23.4000, 8.5500
23.4000, 8.9500
23.4000, 9.7500
23.4404, 13.3627
23.4404, 13.7223
23.4404, 14.0819
23.4404, 14.4416
23.4404, 14.8012
23.4404, 15.1608
23.4404, 15.5205
23.4404, 15.8801
23.4404, 16.2398
23.4404, 16.5994
23.4404, 16.9591
23.4404, 17.3187
23.4404, 17.6783
23.4404, 18.0380
23.4404, 18.3976
23.4404, 18.7572
23.4404, 19.1169
23.4404, 19.4765
23.4404, 19.8362
23.4404, 20.1958
23.4404, 20.5555
23.4404, 20.9151
23.4404, 21.4546
23.4404, 21.8142
23.4404, 22.1738
23.4404, 22.5335
23.4404, 22.8931
23.4404, 23.2527
23.4404, 23.6124
23.4404, 23.9720
23.4404, 24.3317
23.4404, 24.6913
23.4404, 25.0510
23.4404, 25.4106
23.4404, 25.7702
23.4404, 26.1299
23.4404, 26.4895
23.4404, 26.8492
23.4404, 27.2088
23.4404, 27.5684
23.4404, 27.9281
23.4404, 28.2877
23.4404, 28.6473
23.4404, 29.0070
23.4404, 29.3666
23.6202, 12.8232
23.6202, 13.1828
23.6202, 13.5425
23.6202, 13.9021
23.6202, 14.2617
23.6202, 14.6214
23.6202, 14.9810
23.6202, 15.3407
23.6202, 15.7003
23.6202, 16.0600
23.6202, 16.4196
23.6202, 16.7792
23.6202, 17.1389
23.6202, 17.4985
23.6202, 17.8581
23.6202, 18.2178
23.6202, 18.5774
23.6202, 18.9371
23.6202, 19.2967
23.6202, 19.6563
23.6202, 20.0160
23.6202, 20.3756
23.6202, 20.7353
23.6202, 21.0949
23.6202, 21.4546
23.6202, 21.6344
23.6202, 21.9940
23.6202, 22.3536
23.6202, 22.7133
23.6202, 23.0729
23.6202, 23.4326
23.6202, 23.7922
23.6202, 24.1518
23.6202, 24.5115
23.6202, 24.8711
23.6202, 25.2308
23.6202, 25.5904
23.6202, 25.9501
23.6202, 26.3097
23.6202, 26.6693
23.6202, 27.0290
23.6202, 27.3886
23.6202, 27.7482
23.6202, 28.1079
23.6202, 28.4675
23.6202, 28.8272
23.6202, 29.1868
23.8000, 10.1500
23.8000, 12.2750
23.8000, 13.3627
23.8000, 13.7223
23.8000, 14.0819
23.8000, 14.4416
23.8000, 14.8012
23.8000, 15.1608
23.8000, 15.5205
23.8000, 15.8801
23.8000, 16.2398
23.8000, 16.5994
23.8000, 16.9591
23.8000, 17.3187
23.8000, 17.6783
23.8000, 18.0380
23.8000, 18.3976
23.8000, 18.7572
23.8000, 19.1169
23.8000, 19.4765
23.8000, 19.8362
23.8000, 20.1958
23.8000, 20.5555
23.8000, 20.9151
23.8000, 21.2747
23.8000, 21.4546
23.8000, 21.8142
23.8000, 22.1738
23.8000, 22.5335
23.8000, 22.8931
23.8000, 23.2527
23.8000, 23.6124
23.8000, 23.9720
23.8000, 24.3317
23.8000, 24.6913
23.8000, 25.0510
23.8000, 25.4106
23.8000, 25.7702
23.8000, 26.1299
23.8000, 26.4895
23.8000, 26.8492
23.8000, 27.2088
23.8000, 27.5684
23.8000, 27.9281
23.8000, 28.2877
23.8000, 28.6473
23.8000, 29.0070
23.8000, 29.3666
23.9798, 12.8232
23.9798, 13.1828
23.9798, 13.5425
23.9798, 13.9021
23.9798, 14.2617
23.9798, 14.6214
23.9798, 14.9810
23.9798, 15.3407
23.9798, 15.7003
23.9798, 16.0600
23.9798, 16.4196
23.9798, 16.7792
23.9798, 17.1389
23.9798, 17.4985
23.9798, 17.8581
23.9798, 18.2178
23.9798, 18.5774
23.9798, 18.9371
23.9798, 19.2967
23.9798, 19.6563
23.9798, 20.0160
23.9798, 20.3756
23.9798, 20.7353
23.9798, 21.0949
23.9798, 21.2747
23.9798, 21.4546
23.9798, 21.9940
23.9798, 22.3536
23.9798, 22.7133
23.9798, 23.0729
23.9798, 23.4326
23.9798, 23.7922
23.9798, 24.1518
23.9798, 24.5115
23.9798, 24.8711
23.9798, 25.2308
23.9798, 25.5904
23.9798, 25.9501
23.9798, 26.3097
23.9798, 26.6693
23.9798, 27.0290
23.9798, 27.3886
23.9798, 27.7482
23.9798, 28.1079
23.9798, 28.4675
23.9798, 28.8272
23.9798, 29.1868
23.9800, 21.6350
23.9987, 8.5500
23.9994, 8.9539
24.0700, 29.6450
24.1596, 13.3627
24.1596, 13.7223
24.1596, 14.0819
24.1596, 14.4416
24.1596, 14.8012
24.1596, 15.1608
24.1596, 15.5205
24.1596, 15.8801
24.1596, 16.2398
24.1596, 16.5994
24.1596, 16.9591
24.1596, 17.3187
24.1596, 17.6783
24.1596, 18.0380
24.1596, 18.3976
24.1596, 18.7572
24.1596, 19.1169
24.1596, 19.4765
24.1596, 19.8362
24.1596, 20.1958
24.1596, 20.5555
24.1596, 20.9151
24.1596, 21.2747
24.1596, 21.8142
24.1596, 22.1738
24.1596, 22.5335
24.1596, 22.8931
24.1596, 23.2527
24.1596, 23.6124
24.1596, 23.9720
24.1596, 24.3317
24.1596, 24.6913
24.1596, 25.0510
24.1596, 25.4106
24.1596, 25.7702
24.1596, 26.1299
24.1596, 26.4895
24.1596, 26.8492
24.1596, 27.2088
24.1596, 27.5684
24.1596, 27.9281
24.1596, 28.2877
24.1596, 28.6473
24.1596, 29.0070
24.1596, 29.3666
24.1600, 12.9950
24.2000, 8.5500
24.2000, 8.9500
24.2000, 9.3500
24.2000, 9.7500
24.3395, 12.8232
24.3395, 13.3627
24.3395, 13.7223
24.3395, 14.0819
24.3395, 14.4416
24.3395, 14.6214
24.3395, 14.8012
24.3395, 14.9810
24.3395, 15.3407
24.3395, 15.5205
24.3395, 15.7003
24.3395, 16.0600
24.3395, 16.4196
24.3395, 16.7792
24.3395, 17.3187
24.3395, 17.6783
24.3395, 18.0380
24.3395, 18.3976
24.3395, 18.5774
24.3395, 18.7572
24.3395, 18.9371
24.3395, 19.2967
24.3395, 19.4765
24.3395, 19.6563
24.3395, 20.0160
24.3395, 20.3756
24.3395, 20.7353
24.3395, 21.0949
24.3395, 21.4546
24.3395, 21.8142
24.3395, 22.1738
24.3395, 22.5335
24.3395, 22.8931
24.3395, 23.0729
24.3395, 23.2527
24.3395, 23.4326
24.3395, 23.7922
24.3395, 23.9720
24.3395, 24.1518
24.3395, 24.5115
24.3395, 24.8711
24.3395, 25.2308
24.3395, 25.7702
24.3395, 26.1299
24.3395, 26.4895
24.3395, 26.8492
24.3395, 27.0290
24.3395, 27.2088
24.3395, 27.3886
24.3395, 27.7482
24.3395, 27.9281
24.3395, 28.1079
24.3395, 28.4675
24.3395, 28.8272
24.3395, 29.1868
24.4045, 8.9585
24.4052, 8.5420
24.5193, 13.1828
24.5193, 13.5425
24.5193, 13.9021
24.5193, 14.4416
24.5193, 14.8012
24.5193, 15.1608
24.5193, 15.3407
24.5193, 15.7003
24.5193, 16.2398
24.5193, 16.5994
24.5193, 16.9591
24.5193, 17.1389
24.5193, 17.4985
24.5193, 17.8581
24.5193, 18.3976
24.5193, 18.7572
24.5193, 19.1169
24.5193, 19.2967
24.5193, 19.6563
24.5193, 20.1958
24.5193, 20.5555
24.5193, 20.9151
24.5193, 21.2747
24.5193, 21.6344
24.5193, 21.9940
24.5193, 22.3536
24.5193, 22.8931
24.5193, 23.2527
24.5193, 23.6124
24.5193, 23.7922
24.5193, 24.1518
24.5193, 24.6913
24.5193, 25.0510
24.5193, 25.4106
24.5193, 25.5904
24.5193, 25.9501
24.5193, 26.3097
24.5193, 26.8492
24.5193, 27.2088
24.5193, 27.5684
24.5193, 27.7482
24.5193, 28.1079
24.5193, 28.6473
24.5193, 29.0070
24.5193, 29.3666
24.5200, 14.2550
24.5200, 15.8750
24.5200, 18.2150
24.5200, 19.8350
24.5200, 22.7150
24.5200, 24.3350
24.5200, 26.6750
24.5200, 28.2950
24.6000, 9.7500
24.6991, 12.8232
24.6991, 13.3627
24.6991, 13.7223
24.6991, 14.0819
24.6991, 14.6214
24.6991, 14.9810
24.6991, 15.5205
24.6991, 16.0600
24.6991, 16.4196
24.6991, 16.7792
24.6991, 17.3187
24.6991, 17.6783
24.6991, 18.0380
24.6991, 18.5774
24.6991, 18.9371
24.6991, 19.4765
24.6991, 20.0160
24.6991, 20.3756
24.6991, 20.7353
24.6991, 21.0949
24.6991, 21.4546
24.6991, 21.8142
24.6991, 22.1738
24.6991, 22.5335
24.6991, 23.0729
24.6991, 23.4326
24.6991, 23.9720
24.6991, 24.5115
24.6991, 24.8711
24.6991, 25.2308
24.6991, 25.7702
24.6991, 26.1299
24.6991, 26.4895
24.6991, 27.0290
24.6991, 27.3886
24.6991, 27.9281
24.6991, 28.4675
24.6991, 28.8272
24.6991, 29.1868
24.7000, 12.2750
24.8566, 12.9855
24.8789, 13.1828
24.8789, 13.5425
24.8789, 13.9021
24.8789, 14.4416
24.8789, 14.6214
24.8789, 14.8012
24.8789, 15.1608
24.8789, 15.3407
24.8789, 15.5205
24.8789, 15.7003
24.8789, 16.2398
24.8789, 16.5994
24.8789, 16.9591
24.8789, 17.1389
24.8789, 17.4985
24.8789, 17.8581
24.8789, 18.3976
24.8789, 18.5774
24.8789, 18.7572
24.8789, 19.1169
24.8789, 19.2967
24.8789, 19.4765
24.8789, 19.6563
24.8789, 20.1958
24.8789, 20.5555
24.8789, 20.9151
24.8789, 21.2747
24.8789, 21.6344
24.8789, 21.9940
24.8789, 22.3536
24.8789, 22.8931
24.8789, 23.0729
24.8789, 23.2527
24.8789, 23.6124
24.8789, 23.7922
24.8789, 23.9720
24.8789, 24.1518
24.8789, 24.6913
24.8789, 25.0510
24.8789, 25.4106
24.8789, 25.5904
24.8789, 25.9501
24.8789, 26.3097
24.8789, 26.8492
24.8789, 27.0290
24.8789, 27.2088
24.8789, 27.5684
24.8789, 27.7482
24.8789, 27.9281
24.8789, 28.1079
24.8789, 28.6473
24.8789, 29.0070
24.8789, 29.3666
24.9700, 29.6450
25.0000, 8.5500
25.0000, 8.9500
25.0000, 9.3500
25.0000, 10.1500
25.0581, 14.2614
25.0587, 13.0030
25.0587, 13.3627
25.0587, 13.7223
25.0587, 14.0819
25.0587, 14.4416
25.0587, 14.8012
25.0587, 14.9810
25.0587, 15.3407
25.0587, 15.7003
25.0587, 16.0600
25.0587, 16.4196
25.0587, 16.7792
25.0587, 17.3187
25.0587, 17.6783
25.0587, 18.0380
25.0587, 18.3976
25.0587, 18.7572
25.0587, 18.9371
25.0587, 19.2967
25.0587, 19.6563
25.0587, 20.0160
25.0587, 20.3756
25.0587, 20.7353
25.0587, 21.0949
25.0587, 21.8142
25.0587, 22.1738
25.0587, 22.5335
25.0587, 22.8931
25.0587, 23.2527
25.0587, 23.4326
25.0587, 23.7922
25.0587, 24.1518
25.0587, 24.5115
25.0587, 24.8711
25.0587, 25.2308
25.0587, 25.7702
25.0587, 26.1299
25.0587, 26.4895
25.0587, 26.8492
25.0587, 27.2088
25.0587, 27.3886
25.0587, 27.7482
25.0587, 28.1079
25.0587, 28.4675
25.0587, 28.8272
25.0587, 29.1868
25.0600, 15.8750
25.0600, 18.2150
25.0600, 19.8350
25.0600, 21.4550
25.0600, 22.7150
25.0600, 24.3350
25.0600, 26.6750
25.0600, 28.2950
25.2045, 8.5415
25.2052, 8.9580
25.2386, 13.1828
25.2386, 13.5425
25.2386, 13.9021
25.2386, 14.6214
25.2386, 15.1608
25.2386, 15.5205
25.2386, 16.2398
25.2386, 16.5994
25.2386, 16.9591
25.2386, 17.1389
25.2386, 17.4985
25.2386, 17.8581
25.2386, 18.5774
25.2386, 19.1169
25.2386, 19.4765
25.2386, 20.1958
25.2386, 20.5555
25.2386, 20.9151
25.2386, 21.2747
25.2386, 21.6344
25.2386, 21.9940
25.2386, 22.3536
25.2386, 23.0729
25.2386, 23.6124
25.2386, 23.9720
25.2386, 24.6913
25.2386, 25.0510
25.2386, 25.4106
25.2386, 25.5904
25.2386, 25.9501
25.2386, 26.3097
25.2386, 27.0290
25.2386, 27.5684
25.2386, 27.9281
25.2386, 28.6473
25.2386, 29.0070
25.2386, 29.3666
25.4000, 9.7500
25.4184, 13.0030
25.4184, 13.3627
25.4184, 13.7223
25.4184, 14.0819
25.4184, 14.2617
25.4184, 14.4416
25.4184, 14.6214
25.4184, 14.8012
25.4184, 14.9810
25.4184, 15.3407
25.4184, 15.5205
25.4184, 15.7003
25.4184, 15.8801
25.4184, 16.0600
25.4184, 16.4196
25.4184, 16.7792
25.4184, 17.3187
25.4184, 17.6783
25.4184, 18.0380
25.4184, 18.2178
25.4184, 18.3976
25.4184, 18.5774
25.4184, 18.7572
25.4184, 18.9371
25.4184, 19.2967
25.4184, 19.4765
25.4184, 19.6563
25.4184, 19.8362
25.4184, 20.0160
25.4184, 20.3756
25.4184, 20.7353
25.4184, 21.0949
25.4184, 21.4546
25.4184, 21.8142
25.4184, 22.1738
25.4184, 22.5335
25.4184, 22.7133
25.4184, 22.8931
25.4184, 23.0729
25.4184, 23.2527
25.4184, 23.4326
25.4184, 23.7922
25.4184, 23.9720
25.4184, 24.1518
25.4184, 24.3317
25.4184, 24.5115
25.4184, 24.8711
25.4184, 25.2308
25.4184, 25.7702
25.4184, 26.1299
25.4184, 26.4895
25.4184, 26.6693
25.4184, 26.8492
25.4184, 27.0290
25.4184, 27.2088
25.4184, 27.3886
25.4184, 27.7482
25.4184, 27.9281
25.4184, 28.1079
25.4184, 28.2877
25.4184, 28.4675
25.4184, 28.8272
25.4184, 29.1868
25.5982, 13.1828
25.5982, 13.5425
25.5982, 13.9021
25.5982, 15.1608
25.5982, 16.2398
25.5982, 16.5994
25.5982, 16.9591
25.5982, 17.1389
25.5982, 17.4985
25.5982, 17.8581
25.5982, 19.1169
25.5982, 20.1958
25.5982, 20.5555
25.5982, 20.9151
25.5982, 21.2747
25.5982, 21.6344
25.5982, 21.9940
25.5982, 22.3536
25.5982, 23.6124
25.5982, 24.6913
25.5982, 25.0510
25.5982, 25.4106
25.5982, 25.5904
25.5982, 25.9501
25.5982, 26.3097
25.5982, 27.5684
25.5982, 28.6473
25.5982, 29.0070
25.5982, 29.3666
25.6000, 12.2750
25.7780, 13.0030
25.7780, 13.3627
25.7780, 13.7223
25.7780, 14.0819
25.7780, 14.2617
25.7780, 14.4416
25.7780, 14.6214
25.7780, 14.8012
25.7780, 14.9810
25.7780, 15.3407
25.7780, 15.5205
25.7780, 15.7003
25.7780, 15.8801
25.7780, 16.0600
25.7780, 16.4196
25.7780, 16.7792
25.7780, 17.3187
25.7780, 17.6783
25.7780, 18.0380
25.7780, 18.2178
25.7780, 18.3976
25.7780, 18.5774
25.7780, 18.7572
25.7780, 18.9371
25.7780, 19.2967
25.7780, 19.4765
25.7780, 19.6563
25.7780, 19.8362
25.7780, 20.0160
25.7780, 20.3756
25.7780, 20.7353
25.7780, 21.0949
25.7780, 21.8142
25.7780, 22.1738
25.7780, 22.5335
25.7780, 22.7133
25.7780, 22.8931
25.7780, 23.0729
25.7780, 23.2527
25.7780, 23.4326
25.7780, 23.7922
25.7780, 23.9720
25.7780, 24.1518
25.7780, 24.3317
25.7780, 24.5115
25.7780, 24.8711
25.7780, 25.2308
25.7780, 25.7702
25.7780, 26.1299
25.7780, 26.4895
25.7780, 26.6693
25.7780, 26.8492
25.7780, 27.0290
25.7780, 27.2088
25.7780, 27.3886
25.7780, 27.7482
25.7780, 27.9281
25.7780, 28.1079
25.7780, 28.2877
25.7780, 28.4675
25.7780, 28.8272
25.7780, 29.1868
25.7800, 21.4550
25.8000, 8.5500
25.8000, 8.9500
25.8000, 9.3500
25.8000, 10.1500
25.8700, 29.6450
25.9578, 13.1828
25.9578, 13.5425
25.9578, 13.9021
25.9578, 14.4416
25.9578, 14.8012
25.9578, 15.1608
25.9578, 15.5205
25.9578, 15.8801
25.9578, 16.2398
25.9578, 16.5994
25.9578, 16.9591
25.9578, 17.1389
25.9578, 17.4985
25.9578, 17.8581
25.9578, 18.3976
25.9578, 18.7572
25.9578, 19.1169
25.9578, 19.4765
25.9578, 19.8362
25.9578, 20.1958
25.9578, 20.5555
25.9578, 20.9151
25.9578, 21.2747
25.9578, 21.6344
25.9578, 21.9940
25.9578, 22.3536
25.9578, 22.8931
25.9578, 23.2527
25.9578, 23.6124
25.9578, 23.9720
25.9578, 24.3317
25.9578, 24.6913
25.9578, 25.0510
25.9578, 25.4106
25.9578, 25.5904
25.9578, 25.9501
25.9578, 26.3097
25.9578, 26.8492
25.9578, 27.2088
25.9578, 27.5684
25.9578, 27.9281
25.9578, 28.2877
25.9578, 28.6473
25.9578, 29.0070
25.9578, 29.3666
25.9600, 12.9950
26.0045, 8.5415
26.0052, 8.9580
26.1377, 13.0030
26.1377, 13.1828
26.1377, 13.5425
26.1377, 13.9021
26.1377, 14.2617
26.1377, 14.6214
26.1377, 14.9810
26.1377, 15.3407
26.1377, 15.7003
26.1377, 16.2398
26.1377, 16.5994
26.1377, 16.9591
26.1377, 17.1389
26.1377, 17.4985
26.1377, 17.8581
26.1377, 18.2178
26.1377, 18.5774
26.1377, 18.9371
26.1377, 19.2967
26.1377, 19.6563
26.1377, 20.1958
26.1377, 20.5555
26.1377, 20.9151
26.1377, 21.0949
26.1377, 21.4546
26.1377, 21.6344
26.1377, 21.9940
26.1377, 22.3536
26.1377, 22.7133
26.1377, 23.0729
26.1377, 23.4326
26.1377, 23.7922
26.1377, 24.1518
26.1377, 24.6913
26.1377, 25.0510
26.1377, 25.4106
26.1377, 25.5904
26.1377, 25.9501
26.1377, 26.3097
26.1377, 26.6693
26.1377, 27.0290
26.1377, 27.3886
26.1377, 27.7482
26.1377, 28.1079
26.1377, 28.6473
26.1377, 29.0070
26.1377, 29.3666
26.2000, 9.7500
26.3175, 13.3627
26.3175, 13.7223
26.3175, 14.0819
26.3175, 14.2617
26.3175, 14.4416
26.3175, 14.6214
26.3175, 14.8012
26.3175, 15.1608
26.3175, 15.3407
26.3175, 15.5205
26.3175, 15.7003
26.3175, 15.8801
26.3175, 16.0600
26.3175, 16.4196
26.3175, 16.7792
26.3175, 17.3187
26.3175, 17.6783
26.3175, 18.0380
26.3175, 18.2178
26.3175, 18.3976
26.3175, 18.5774
26.3175, 18.7572
26.3175, 19.1169
26.3175, 19.2967
26.3175, 19.4765
26.3175, 19.6563
26.3175, 19.8362
26.3175, 20.0160
26.3175, 20.3756
26.3175, 20.7353
26.3175, 21.2747
26.3175, 21.8142
26.3175, 22.1738
26.3175, 22.5335
26.3175, 22.7133
26.3175, 22.8931
26.3175, 23.0729
26.3175, 23.2527
26.3175, 23.6124
26.3175, 23.7922
26.3175, 23.9720
26.3175, 24.1518
26.3175, 24.3317
26.3175, 24.5115
26.3175, 24.8711
26.3175, 25.2308
26.3175, 25.7702
26.3175, 26.1299
26.3175, 26.4895
26.3175, 26.6693
26.3175, 26.8492
26.3175, 27.0290
26.3175, 27.2088
26.3175, 27.5684
26.3175, 27.7482
26.3175, 27.9281
26.3175, 28.1079
26.3175, 28.2877
26.3175, 28.4675
26.3175, 28.8272
26.3175, 29.1868
26.4973, 13.0030
26.4973, 13.1828
26.4973, 13.5425
26.4973, 13.9021
26.4973, 14.9810
26.4973, 16.2398
26.4973, 16.5994
26.4973, 16.9591
26.4973, 17.1389
26.4973, 17.4985
26.4973, 17.8581
26.4973, 18.9371
26.4973, 20.1958
26.4973, 20.5555
26.4973, 20.9151
26.4973, 21.0949
26.4973, 21.4546
26.4973, 21.6344
26.4973, 21.9940
26.4973, 22.3536
26.4973, 23.4326
26.4973, 24.6913
26.4973, 25.0510
26.4973, 25.4106
26.4973, 25.5904
26.4973, 25.9501
26.4973, 26.3097
26.4973, 27.3886
26.4973, 28.6473
26.4973, 29.0070
26.4973, 29.3666
26.5000, 12.2750
26.6000, 8.5500
26.6000, 8.9500
26.6000, 9.3500
26.6000, 10.1500
26.6771, 13.3627
26.6771, 13.7223
26.6771, 14.0819
26.6771, 14.2617
26.6771, 14.4416
26.6771, 14.6214
26.6771, 14.8012
26.6771, 15.1608
26.6771, 15.3407
26.6771, 15.5205
26.6771, 15.7003
26.6771, 15.8801
26.6771, 16.0600
26.6771, 16.4196
26.6771, 16.7792
26.6771, 17.3187
26.6771, 17.6783
26.6771, 18.0380
26.6771, 18.2178
26.6771, 18.3976
26.6771, 18.5774
26.6771, 18.7572
26.6771, 19.1169
26.6771, 19.2967
26.6771, 19.4765
26.6771, 19.6563
26.6771, 19.8362
26.6771, 20.0160
26.6771, 20.3756
26.6771, 20.7353
26.6771, 21.2747
26.6771, 21.8142
26.6771, 22.1738
26.6771, 22.5335
26.6771, 22.7133
26.6771, 22.8931
26.6771, 23.0729
26.6771, 23.2527
26.6771, 23.6124
26.6771, 23.7922
26.6771, 23.9720
26.6771, 24.1518
26.6771, 24.3317
26.6771, 24.5115
26.6771, 24.8711
26.6771, 25.2308
26.6771, 25.7702
26.6771, 26.1299
26.6771, 26.4895
26.6771, 26.6693
26.6771, 26.8492
26.6771, 27.0290
26.6771, 27.2088
26.6771, 27.5684
26.6771, 27.7482
26.6771, 27.9281
26.6771, 28.1079
26.6771, 28.2877
26.6771, 28.4675
26.6771, 28.8272
26.6771, 29.1868
26.6800, 12.9950
26.7700, 29.6450
26.8045, 8.5415
26.8052, 8.9580
26.8569, 13.0030
26.8569, 13.1828
26.8569, 13.5425
26.8569, 13.9021
26.8569, 14.2617
26.8569, 14.4416
26.8569, 14.6214
26.8569, 14.8012
26.8569, 14.9810
26.8569, 15.3407
26.8569, 15.5205
26.8569, 15.7003
26.8569, 15.8801
26.8569, 16.2398
26.8569, 16.5994
26.8569, 16.9591
26.8569, 17.1389
26.8569, 17.4985
26.8569, 17.8581
26.8569, 18.2178
26.8569, 18.3976
26.8569, 18.5774
26.8569, 18.7572
26.8569, 18.9371
26.8569, 19.2967
26.8569, 19.4765
26.8569, 19.6563
26.8569, 19.8362
26.8569, 20.1958
26.8569, 20.5555
26.8569, 20.9151
26.8569, 21.0949
26.8569, 21.6344
26.8569, 21.9940
26.8569, 22.3536
26.8569, 22.7133
26.8569, 22.8931
26.8569, 23.0729
26.8569, 23.2527
26.8569, 23.4326
26.8569, 23.7922
26.8569, 23.9720
26.8569, 24.1518
26.8569, 24.3317
26.8569, 24.6913
26.8569, 25.0510
26.8569, 25.4106
26.8569, 25.5904
26.8569, 25.9501
26.8569, 26.3097
26.8569, 26.6693
26.8569, 26.8492
26.8569, 27.0290
26.8569, 27.2088
26.8569, 27.3886
26.8569, 27.7482
26.8569, 27.9281
26.8569, 28.1079
26.8569, 28.2877
26.8569, 28.6473
26.8569, 29.0070
26.8569, 29.3666
26.8600, 21.4550
27.0000, 9.7500
27.0368, 13.3627
27.0368, 13.7223
27.0368, 14.0819
27.0368, 15.1608
27.0368, 16.0600
27.0368, 16.4196
27.0368, 16.7792
27.0368, 17.3187
27.0368, 17.6783
27.0368, 18.0380
27.0368, 19.1169
27.0368, 20.0160
27.0368, 20.3756
27.0368, 20.7353
27.0368, 21.2747
27.0368, 21.8142
27.0368, 22.1738
27.0368, 22.5335
27.0368, 23.6124
27.0368, 24.5115
27.0368, 24.8711
27.0368, 25.2308
27.0368, 25.7702
27.0368, 26.1299
27.0368, 26.4895
27.0368, 27.5684
27.0368, 28.4675
27.0368, 28.8272
27.0368, 29.1868
27.2166, 13.0030
27.2166, 13.1828
27.2166, 13.5425
27.2166, 13.9021
27.2166, 14.2617
27.2166, 14.4416
27.2166, 14.6214
27.2166, 14.8012
27.2166, 14.9810
27.2166, 15.3407
27.2166, 15.5205
27.2166, 15.7003
27.2166, 15.8801
27.2166, 16.2398
27.2166, 16.5994
27.2166, 16.9591
27.2166, 17.1389
27.2166, 17.4985
27.2166, 17.8581
27.2166, 18.2178
27.2166, 18.3976
27.2166, 18.5774
27.2166, 18.7572
27.2166, 18.9371
27.2166, 19.2967
27.2166, 19.4765
27.2166, 19.6563
27.2166, 19.8362
27.2166, 20.1958
27.2166, 20.5555
27.2166, 20.9151
27.2166, 21.0949
27.2166, 21.4546
27.2166, 21.6344
27.2166, 21.9940
27.2166, 22.3536
27.2166, 22.7133
27.2166, 22.8931
27.2166, 23.0729
27.2166, 23.2527
27.2166, 23.4326
27.2166, 23.7922
27.2166, 23.9720
27.2166, 24.1518
27.2166, 24.3317
27.2166, 24.6913
27.2166, 25.0510
27.2166, 25.4106
27.2166, 25.5904
27.2166, 25.9501
27.2166, 26.3097
27.2166, 26.6693
27.2166, 26.8492
27.2166, 27.0290
27.2166, 27.2088
27.2166, 27.3886
27.2166, 27.7482
27.2166, 27.9281
27.2166, 28.1079
27.2166, 28.2877
27.2166, 28.6473
27.2166, 29.0070
27.2166, 29.3666
27.3964, 13.3627
27.3964, 13.7223
27.3964, 14.0819
27.3964, 14.2617
27.3964, 14.4416
27.3964, 14.6214
27.3964, 14.8012
27.3964, 15.1608
27.3964, 15.3407
27.3964, 15.5205
27.3964, 15.7003
27.3964, 15.8801
27.3964, 16.0600
27.3964, 16.4196
27.3964, 16.7792
27.3964, 17.3187
27.3964, 17.6783
27.3964, 18.0380
27.3964, 18.2178
27.3964, 18.3976
27.3964, 18.5774
27.3964, 18.7572
27.3964, 19.1169
27.3964, 19.2967
27.3964, 19.4765
27.3964, 19.6563
27.3964, 19.8362
27.3964, 20.0160
27.3964, 20.3756
27.3964, 20.7353
27.3964, 21.2747
27.3964, 21.8142
27.3964, 22.1738
27.3964, 22.5335
27.3964, 22.7133
27.3964, 22.8931
27.3964, 23.0729
27.3964, 23.2527
27.3964, 23.6124
27.3964, 23.7922
27.3964, 23.9720
27.3964, 24.1518
27.3964, 24.3317
27.3964, 24.5115
27.3964, 24.8711
27.3964, 25.2308
27.3964, 25.7702
27.3964, 26.1299
27.3964, 26.4895
27.3964, 26.6693
27.3964, 26.8492
27.3964, 27.0290
27.3964, 27.2088
27.3964, 27.5684
27.3964, 27.7482
27.3964, 27.9281
27.3964, 28.1079
27.3964, 28.2877
27.3964, 28.4675
27.3964, 28.8272
27.3964, 29.1868
27.4000, 8.5500
27.4000, 8.9500
27.4000, 9.3500
27.4000, 10.1500
27.4000, 12.2750
27.4000, 12.9950
27.5762, 13.0030
27.5762, 13.1828
27.5762, 13.5425
27.5762, 13.9021
27.5762, 14.9810
27.5762, 16.2398
27.5762, 16.5994
27.5762, 16.9591
27.5762, 17.1389
27.5762, 17.4985
27.5762, 17.8581
27.5762, 18.9371
27.5762, 20.1958
27.5762, 20.5555
27.5762, 20.9151
27.5762, 21.0949
27.5762, 21.6344
27.5762, 21.9940
27.5762, 22.3536
27.5762, 23.4326
27.5762, 24.6913
27.5762, 25.0510
27.5762, 25.4106
27.5762, 25.5904
27.5762, 25.9501
27.5762, 26.3097
27.5762, 27.3886
27.5762, 28.6473
27.5762, 29.0070
27.5762, 29.3666
27.5800, 21.4550
27.6045, 8.5415
27.6052, 8.9580
27.6700, 29.6450
27.7560, 13.3627
27.7560, 13.7223
27.7560, 14.0819
27.7560, 14.2617
27.7560, 14.4416
27.7560, 14.6214
27.7560, 14.8012
27.7560, 15.1608
27.7560, 15.3407
27.7560, 15.5205
27.7560, 15.7003
27.7560, 15.8801
27.7560, 16.0600
27.7560, 16.4196
27.7560, 16.7792
27.7560, 17.3187
27.7560, 17.6783
27.7560, 18.0380
27.7560, 18.2178
27.7560, 18.3976
27.7560, 18.5774
27.7560, 18.7572
27.7560, 19.1169
27.7560, 19.2967
27.7560, 19.4765
27.7560, 19.6563
27.7560, 19.8362
27.7560, 20.0160
27.7560, 20.3756
27.7560, 20.7353
27.7560, 21.2747
27.7560, 21.8142
27.7560, 22.1738
27.7560, 22.5335
27.7560, 22.7133
27.7560, 22.8931
27.7560, 23.0729
27.7560, 23.2527
27.7560, 23.6124
27.7560, 23.7922
27.7560, 23.9720
27.7560, 24.1518
27.7560, 24.3317
27.7560, 24.5115
27.7560, 24.8711
27.7560, 25.2308
27.7560, 25.7702
27.7560, 26.1299
27.7560, 26.4895
27.7560, 26.6693
27.7560, 26.8492
27.7560, 27.0290
27.7560, 27.2088
27.7560, 27.5684
27.7560, 27.7482
27.7560, 27.9281
27.7560, 28.1079
27.7560, 28.2877
27.7560, 28.4675
27.7560, 28.8272
27.7560, 29.1868
27.8000, 9.7500
27.8500, 17.0450
27.8500, 25.5050
27.9359, 13.0030
27.9359, 13.3627
27.9359, 13.7223
27.9359, 14.0819
27.9359, 14.2617
27.9359, 14.4416
27.9359, 14.6214
27.9359, 14.8012
27.9359, 14.9810
27.9359, 15.3407
27.9359, 15.5205
27.9359, 15.7003
27.9359, 15.8801
27.9359, 16.0600
27.9359, 16.4196
27.9359, 16.7792
27.9359, 17.3187
27.9359, 17.6783
27.9359, 18.0380
27.9359, 18.2178
27.9359, 18.3976
27.9359, 18.5774
27.9359, 18.7572
27.9359, 18.9371
27.9359, 19.2967
27.9359, 19.4765
27.9359, 19.6563
27.9359, 19.8362
27.9359, 20.0160
27.9359, 20.3756
27.9359, 20.7353
27.9359, 21.0949
27.9359, 21.4546
27.9359, 21.8142
27.9359, 22.1738
27.9359, 22.5335
27.9359, 22.7133
27.9359, 22.8931
27.9359, 23.0729
27.9359, 23.2527
27.9359, 23.4326
27.9359, 23.7922
27.9359, 23.9720
27.9359, 24.1518
27.9359, 24.3317
27.9359, 24.5115
27.9359, 24.8711
27.9359, 25.2308
27.9359, 25.7702
27.9359, 26.1299
27.9359, 26.4895
27.9359, 26.6693
27.9359, 26.8492
27.9359, 27.0290
27.9359, 27.2088
27.9359, 27.3886
27.9359, 27.7482
27.9359, 27.9281
27.9359, 28.1079
27.9359, 28.2877
27.9359, 28.4675
27.9359, 28.8272
27.9359, 29.1868
28.1157, 13.1828
28.1157, 13.5425
28.1157, 13.9021
28.1157, 15.1608
28.1157, 16.2398
28.1157, 16.5994
28.1157, 16.9591
28.1157, 17.1389
28.1157, 17.4985
28.1157, 17.8581
28.1157, 19.1169
28.1157, 20.1958
28.1157, 20.5555
28.1157, 20.9151
28.1157, 21.2747
28.1157, 21.6344
28.1157, 21.9940
28.1157, 22.3536
28.1157, 23.6124
28.1157, 24.6913
28.1157, 25.0510
28.1157, 25.4106
28.1157, 25.5904
28.1157, 25.9501
28.1157, 26.3097
28.1157, 27.5684
28.1157, 28.6473
28.1157, 29.0070
28.1157, 29.3666
28.2000, 8.5500
28.2000, 8.9500
28.2000, 9.3500
28.2000, 10.1500
28.2955, 12.8232
28.2955, 13.3627
28.2955, 13.7223
28.2955, 14.0819
28.2955, 14.2617
28.2955, 14.4416
28.2955, 14.6214
28.2955, 14.8012
28.2955, 14.9810
28.2955, 15.3407
28.2955, 15.5205
28.2955, 15.7003
28.2955, 15.8801
28.2955, 16.0600
28.2955, 16.4196
28.2955, 16.7792
28.2955, 17.3187
28.2955, 17.6783
28.2955, 18.0380
28.2955, 18.2178
28.2955, 18.3976
28.2955, 18.5774
28.2955, 18.7572
28.2955, 18.9371
28.2955, 19.2967
28.2955, 19.4765
28.2955, 19.6563
28.2955, 19.8362
28.2955, 20.0160
28.2955, 20.3756
28.2955, 20.7353
28.2955, 21.0949
28.2955, 21.8142
28.2955, 22.1738
28.2955, 22.5335
28.2955, 22.7133
28.2955, 22.8931
28.2955, 23.0729
28.2955, 23.2527
28.2955, 23.4326
28.2955, 23.7922
28.2955, 23.9720
28.2955, 24.1518
28.2955, 24.3317
28.2955, 24.5115
28.2955, 24.8711
28.2955, 25.2308
28.2955, 25.7702
28.2955, 26.1299
28.2955, 26.4895
28.2955, 26.6693
28.2955, 26.8492
28.2955, 27.0290
28.2955, 27.2088
28.2955, 27.3886
28.2955, 27.7482
28.2955, 27.9281
28.2955, 28.1079
28.2955, 28.2877
28.2955, 28.4675
28.2955, 28.8272
28.2955, 29.1868
28.3000, 12.2750
28.3000, 21.4550
28.4045, 8.5415
28.4052, 8.9580
28.4753, 13.1828
28.4753, 13.5425
28.4753, 13.9021
28.4753, 14.2617
28.4753, 14.4416
28.4753, 14.6214
28.4753, 14.8012
28.4753, 15.1608
28.4753, 15.3407
28.4753, 15.5205
28.4753, 15.7003
28.4753, 15.8801
28.4753, 16.2398
28.4753, 16.5994
28.4753, 16.9591
28.4753, 17.1389
28.4753, 17.4985
28.4753, 17.8581
28.4753, 18.2178
28.4753, 18.3976
28.4753, 18.5774
28.4753, 18.7572
28.4753, 19.1169
28.4753, 19.2967
28.4753, 19.4765
28.4753, 19.6563
28.4753, 19.8362
28.4753, 20.1958
28.4753, 20.5555
28.4753, 20.9151
28.4753, 21.2747
28.4753, 21.6344
28.4753, 21.9940
28.4753, 22.3536
28.4753, 22.7133
28.4753, 22.8931
28.4753, 23.0729
28.4753, 23.2527
28.4753, 23.6124
28.4753, 23.7922
28.4753, 23.9720
28.4753, 24.1518
28.4753, 24.3317
28.4753, 24.6913
28.4753, 25.0510
28.4753, 25.4106
28.4753, 25.5904
28.4753, 25.9501
28.4753, 26.3097
28.4753, 26.6693
28.4753, 26.8492
28.4753, 27.0290
28.4753, 27.2088
28.4753, 27.5684
28.4753, 27.7482
28.4753, 27.9281
28.4753, 28.1079
28.4753, 28.2877
28.4753, 28.6473
28.4753, 29.0070
28.4753, 29.3666
28.4800, 12.9950
28.5700, 29.6450
28.6000, 9.7500
28.6551, 12.8232
28.6551, 13.3627
28.6551, 13.7223
28.6551, 14.0819
28.6551, 14.9810
28.6551, 16.0600
28.6551, 16.4196
28.6551, 16.7792
28.6551, 17.3187
28.6551, 17.6783
28.6551, 18.0380
28.6551, 18.9371
28.6551, 20.0160
28.6551, 20.3756
28.6551, 20.7353
28.6551, 21.0949
28.6551, 21.4546
28.6551, 21.8142
28.6551, 22.1738
28.6551, 22.5335
28.6551, 23.4326
28.6551, 24.5115
28.6551, 24.8711
28.6551, 25.2308
28.6551, 25.7702
28.6551, 26.1299
28.6551, 26.4895
28.6551, 27.3886
28.6551, 28.4675
28.6551, 28.8272
28.6551, 29.1868
28.8350, 13.1828
28.8350, 13.5425
28.8350, 13.9021
28.8350, 14.2617
28.8350, 14.4416
28.8350, 14.6214
28.8350, 14.8012
28.8350, 15.1608
28.8350, 15.3407
28.8350, 15.5205
28.8350, 15.7003
28.8350, 15.8801
28.8350, 16.2398
28.8350, 16.5994
28.8350, 16.9591
28.8350, 17.1389
28.8350, 17.4985
28.8350, 17.8581
28.8350, 18.2178
28.8350, 18.3976
28.8350, 18.5774
28.8350, 18.7572
28.8350, 19.1169
28.8350, 19.2967
28.8350, 19.4765
28.8350, 19.6563
28.8350, 19.8362
28.8350, 20.1958
28.8350, 20.5555
28.8350, 20.9151
28.8350, 21.2747
28.8350, 21.6344
28.8350, 21.9940
28.8350, 22.3536
28.8350, 22.7133
28.8350, 22.8931
28.8350, 23.0729
28.8350, 23.2527
28.8350, 23.6124
28.8350, 23.7922
28.8350, 23.9720
28.8350, 24.1518
28.8350, 24.3317
28.8350, 24.6913
28.8350, 25.0510
28.8350, 25.4106
28.8350, 25.5904
28.8350, 25.9501
28.8350, 26.3097
28.8350, 26.6693
28.8350, 26.8492
28.8350, 27.0290
28.8350, 27.2088
28.8350, 27.5684
28.8350, 27.7482
28.8350, 27.9281
28.8350, 28.1079
28.8350, 28.2877
28.8350, 28.6473
28.8350, 29.0070
28.8350, 29.3666
29.0000, 8.5500
29.0000, 8.9500
29.0000, 9.3500
29.0000, 10.1500
29.0148, 12.8232
29.0148, 13.3627
29.0148, 13.7223
29.0148, 14.0819
29.0148, 14.2617
29.0148, 14.4416
29.0148, 14.6214
29.0148, 14.8012
29.0148, 14.9810
29.0148, 15.3407
29.0148, 15.5205
29.0148, 15.7003
29.0148, 15.8801
29.0148, 16.0600
29.0148, 16.4196
29.0148, 16.7792
29.0148, 17.3187
29.0148, 17.6783
29.0148, 18.0380
29.0148, 18.2178
29.0148, 18.3976
29.0148, 18.5774
29.0148, 18.7572
29.0148, 18.9371
29.0148, 19.2967
29.0148, 19.4765
29.0148, 19.6563
29.0148, 19.8362
29.0148, 20.0160
29.0148, 20.3756
29.0148, 20.7353
29.0148, 21.0949
29.0148, 21.4546
29.0148, 21.8142
29.0148, 22.1738
29.0148, 22.5335
29.0148, 22.7133
29.0148, 22.8931
29.0148, 23.0729
29.0148, 23.2527
29.0148, 23.4326
29.0148, 23.7922
29.0148, 23.9720
29.0148, 24.1518
29.0148, 24.3317
29.0148, 24.5115
29.0148, 24.8711
29.0148, 25.2308
29.0148, 25.7702
29.0148, 26.1299
29.0148, 26.4895
29.0148, 26.6693
29.0148, 26.8492
29.0148, 27.0290
29.0148, 27.2088
29.0148, 27.3886
29.0148, 27.7482
29.0148, 27.9281
29.0148, 28.1079
29.0148, 28.2877
29.0148, 28.4675
29.0148, 28.8272
29.0148, 29.1868
29.1946, 13.1828
29.1946, 13.5425
29.1946, 13.9021
29.1946, 15.1608
29.1946, 16.2398
29.1946, 16.5994
29.1946, 16.9591
29.1946, 17.1389
29.1946, 17.4985
29.1946, 17.8581
29.1946, 19.1169
29.1946, 20.1958
29.1946, 20.5555
29.1946, 20.9151
29.1946, 21.2747
29.1946, 21.6344
29.1946, 21.9940
29.1946, 22.3536
29.1946, 23.6124
29.1946, 24.6913
29.1946, 25.0510
29.1946, 25.4106
29.1946, 25.5904
29.1946, 25.9501
29.1946, 26.3097
29.1946, 27.5684
29.1946, 28.6473
29.1946, 29.0070
29.1946, 29.3666
29.2000, 12.2750
29.2000, 12.9950
29.2045, 8.5415
29.2052, 8.9580
29.3744, 12.8232
29.3744, 13.3627
29.3744, 13.7223
29.3744, 14.0819
29.3744, 14.2617
29.3744, 14.4416
29.3744, 14.6214
29.3744, 14.8012
29.3744, 14.9810
29.3744, 15.3407
29.3744, 15.5205
29.3744, 15.7003
29.3744, 15.8801
29.3744, 16.0600
29.3744, 16.4196
29.3744, 16.7792
29.3744, 17.3187
29.3744, 17.6783
29.3744, 18.0380
29.3744, 18.2178
29.3744, 18.3976
29.3744, 18.5774
29.3744, 18.7572
29.3744, 18.9371
29.3744, 19.2967
29.3744, 19.4765
29.3744, 19.6563
29.3744, 19.8362
29.3744, 20.0160
29.3744, 20.3756
29.3744, 20.7353
29.3744, 21.0949
29.3744, 21.8142
29.3744, 22.1738
29.3744, 22.5335
29.3744, 22.7133
29.3744, 22.8931
29.3744, 23.0729
29.3744, 23.2527
29.3744, 23.4326
29.3744, 23.7922
29.3744, 23.9720
29.3744, 24.1518
29.3744, 24.3317
29.3744, 24.5115
29.3744, 24.8711
29.3744, 25.2308
29.3744, 25.7702
29.3744, 26.1299
29.3744, 26.4895
29.3744, 26.6693
29.3744, 26.8492
29.3744, 27.0290
29.3744, 27.2088
29.3744, 27.3886
29.3744, 27.7482
29.3744, 27.9281
29.3744, 28.1079
29.3744, 28.2877
29.3744, 28.4675
29.3744, 28.8272
29.3744, 29.1868
29.3800, 10.7700
29.3800, 11.4900
29.3800, 21.4550
29.4000, 9.7500
29.4700, 29.6450
29.5542, 12.8232
29.5542, 13.1828
29.5542, 13.5425
29.5542, 13.9021
29.5542, 14.4416
29.5542, 14.8012
29.5542, 15.1608
29.5542, 15.5205
29.5542, 15.8801
29.5542, 16.2398
29.5542, 16.5994
29.5542, 16.9591
29.5542, 17.1389
29.5542, 17.4985
29.5542, 17.8581
29.5542, 18.3976
29.5542, 18.7572
29.5542, 19.1169
29.5542, 19.4765
29.5542, 19.8362
29.5542, 20.1958
29.5542, 20.5555
29.5542, 20.9151
29.5542, 21.2747
29.5542, 21.6344
29.5542, 21.9940
29.5542, 22.3536
29.5542, 22.8931
29.5542, 23.2527
29.5542, 23.6124
29.5542, 23.9720
29.5542, 24.3317
29.5542, 24.6913
29.5542, 25.0510
29.5542, 25.4106
29.5542, 25.5904
29.5542, 25.9501
29.5542, 26.3097
29.5542, 26.8492
29.5542, 27.2088
29.5542, 27.5684
29.5542, 27.9281
29.5542, 28.2877
29.5542, 28.6473
29.5542, 29.0070
29.5542, 29.3666
29.7100, 10.1500
29.7320, 11.8780
29.7341, 12.6434
29.7341, 13.0030
29.7341, 13.1828
29.7341, 13.5425
29.7341, 13.9021
29.7341, 14.2617
29.7341, 14.6214
29.7341, 14.9810
29.7341, 15.3407
29.7341, 15.7003
29.7341, 16.2398
29.7341, 16.5994
29.7341, 16.9591
29.7341, 17.1389
29.7341, 17.4985
29.7341, 17.8581
29.7341, 18.2178
29.7341, 18.5774
29.7341, 18.9371
29.7341, 19.2967
29.7341, 19.6563
29.7341, 20.1958
29.7341, 20.5555
29.7341, 20.9151
29.7341, 21.0949
29.7341, 21.4546
29.7341, 21.6344
29.7341, 21.9940
29.7341, 22.3536
29.7341, 22.7133
29.7341, 23.0729
29.7341, 23.4326
29.7341, 23.7922
29.7341, 24.1518
29.7341, 24.6913
29.7341, 25.0510
29.7341, 25.4106
29.7341, 25.5904
29.7341, 25.9501
29.7341, 26.3097
29.7341, 26.6693
29.7341, 27.0290
29.7341, 27.3886
29.7341, 27.7482
29.7341, 28.1079
29.7341, 28.6473
29.7341, 29.0070
29.7341, 29.3666
29.8000, 8.5500
29.8000, 8.9500
29.8000, 9.3500
29.8000, 9.6600
29.8000, 9.8400
29.8300, 10.5650
29.8900, 10.1500
29.9139, 12.8232
29.9139, 13.3627
29.9139, 13.7223
29.9139, 14.0819
29.9139, 14.2617
29.9139, 14.4416
29.9139, 14.6214
29.9139, 14.8012
29.9139, 15.1608
29.9139, 15.3407
29.9139, 15.5205
29.9139, 15.7003
29.9139, 15.8801
29.9139, 16.0600
29.9139, 16.4196
29.9139, 16.7792
29.9139, 17.3187
29.9139, 17.6783
29.9139, 18.0380
29.9139, 18.2178
29.9139, 18.3976
29.9139, 18.5774
29.9139, 18.7572
29.9139, 19.1169
29.9139, 19.2967
29.9139, 19.4765
29.9139, 19.6563
29.9139, 19.8362
29.9139, 20.0160
29.9139, 20.3756
29.9139, 20.7353
29.9139, 21.2747
29.9139, 21.8142
29.9139, 22.1738
29.9139, 22.5335
29.9139, 22.7133
29.9139, 22.8931
29.9139, 23.0729
29.9139, 23.2527
29.9139, 23.6124
29.9139, 23.7922
29.9139, 23.9720
29.9139, 24.1518
29.9139, 24.3317
29.9139, 24.5115
29.9139, 24.8711
29.9139, 25.2308
29.9139, 25.7702
29.9139, 26.1299
29.9139, 26.4895
29.9139, 26.6693
29.9139, 26.8492
29.9139, 27.0290
29.9139, 27.2088
29.9139, 27.5684
29.9139, 27.7482
29.9139, 27.9281
29.9139, 28.1079
29.9139, 28.2877
29.9139, 28.4675
29.9139, 28.8272
29.9139, 29.1868
29.9200, 11.3100
30.0045, 8.5415
30.0052, 8.9580
30.0937, 12.6434
30.0937, 13.0030
30.0937, 13.1828
30.0937, 13.5425
30.0937, 13.9021
30.0937, 14.9810
30.0937, 16.2398
30.0937, 16.5994
30.0937, 16.9591
30.0937, 17.1389
30.0937, 17.4985
30.0937, 17.8581
30.0937, 18.9371
30.0937, 20.1958
30.0937, 20.5555
30.0937, 20.9151
30.0937, 21.0949
30.0937, 21.4546
30.0937, 21.6344
30.0937, 21.9940
30.0937, 22.3536
30.0937, 23.4326
30.0937, 24.6913
30.0937, 25.0510
30.0937, 25.4106
30.0937, 25.5904
30.0937, 25.9501
30.0937, 26.3097
30.0937, 27.3886
30.0937, 28.6473
30.0937, 29.0070
30.0937, 29.3666
30.1000, 12.2750
30.2000, 9.3500
30.2000, 9.7500
30.2000, 10.1500
30.2735, 12.8232
30.2735, 13.3627
30.2735, 13.7223
30.2735, 14.0819
30.2735, 14.2617
30.2735, 14.4416
30.2735, 14.6214
30.2735, 14.8012
30.2735, 15.1608
30.2735, 15.3407
30.2735, 15.5205
30.2735, 15.7003
30.2735, 15.8801
30.2735, 16.0600
30.2735, 16.4196
30.2735, 16.7792
30.2735, 17.3187
30.2735, 17.6783
30.2735, 18.0380
30.2735, 18.2178
30.2735, 18.3976
30.2735, 18.5774
30.2735, 18.7572
30.2735, 19.1169
30.2735, 19.2967
30.2735, 19.4765
30.2735, 19.6563
30.2735, 19.8362
30.2735, 20.0160
30.2735, 20.3756
30.2735, 20.7353
30.2735, 21.2747
30.2735, 21.8142
30.2735, 22.1738
30.2735, 22.5335
30.2735, 22.7133
30.2735, 22.8931
30.2735, 23.0729
30.2735, 23.2527
30.2735, 23.6124
30.2735, 23.7922
30.2735, 23.9720
30.2735, 24.1518
30.2735, 24.3317
30.2735, 24.5115
30.2735, 24.8711
30.2735, 25.2308
30.2735, 25.7702
30.2735, 26.1299
30.2735, 26.4895
30.2735, 26.6693
30.2735, 26.8492
30.2735, 27.0290
30.2735, 27.2088
30.2735, 27.5684
30.2735, 27.7482
30.2735, 27.9281
30.2735, 28.1079
30.2735, 28.2877
30.2735, 28.4675
30.2735, 28.8272
30.2735, 29.1868
30.3415, 12.0441
30.3670, 9.9420
30.3700, 29.6450
30.4533, 12.6434
30.4533, 13.0030
30.4533, 13.1828
30.4533, 13.5425
30.4533, 13.9021
30.4533, 14.6214
30.4533, 14.9810
30.4533, 15.5205
30.4533, 16.2398
30.4533, 16.5994
30.4533, 16.9591
30.4533, 17.1389
30.4533, 17.4985
30.4533, 17.8581
30.4533, 18.5774
30.4533, 18.9371
30.4533, 19.4765
30.4533, 20.1958
30.4533, 20.5555
30.4533, 20.9151
30.4533, 21.0949
30.4533, 21.6344
30.4533, 21.9940
30.4533, 22.3536
30.4533, 23.0729
30.4533, 23.4326
30.4533, 23.9720
30.4533, 24.6913
30.4533, 25.0510
30.4533, 25.4106
30.4533, 25.5904
30.4533, 25.9501
30.4533, 26.3097
30.4533, 27.0290
30.4533, 27.3886
30.4533, 27.9281
30.4533, 28.6473
30.4533, 29.0070
30.4533, 29.3666
30.4600, 10.7700
30.4600, 11.6700
30.4600, 21.4550
30.6000, 8.5500
30.6000, 8.9500
30.6000, 9.3500
30.6150, 9.9780
30.6332, 12.8232
30.6332, 13.3627
30.6332, 13.7223
30.6332, 14.0819
30.6332, 14.4416
30.6332, 14.8012
30.6332, 15.1608
30.6332, 15.3407
30.6332, 15.7003
30.6332, 16.0600
30.6332, 16.4196
30.6332, 16.7792
30.6332, 17.3187
30.6332, 17.6783
30.6332, 18.0380
30.6332, 18.3976
30.6332, 18.7572
30.6332, 19.1169
30.6332, 19.2967
30.6332, 19.6563
30.6332, 20.0160
30.6332, 20.3756
30.6332, 20.7353
30.6332, 21.2747
30.6332, 21.8142
30.6332, 22.1738
30.6332, 22.5335
30.6332, 22.8931
30.6332, 23.2527
30.6332, 23.6124
30.6332, 23.7922
30.6332, 24.1518
30.6332, 24.5115
30.6332, 24.8711
30.6332, 25.2308
30.6332, 25.7702
30.6332, 26.1299
30.6332, 26.4895
30.6332, 26.8492
30.6332, 27.2088
30.6332, 27.5684
30.6332, 27.7482
30.6332, 28.1079
30.6332, 28.4675
30.6332, 28.8272
30.6332, 29.1868
30.6400, 18.2150
30.6400, 19.8350
30.6400, 22.7150
30.6400, 24.3350
30.6400, 26.6750
30.6400, 28.2950
30.7370, 9.5680
30.8045, 8.5415
30.8052, 8.9580
30.8130, 12.6434
30.8130, 13.0030
30.8130, 13.1828
30.8130, 13.5425
30.8130, 13.9021
30.8130, 14.4416
30.8130, 14.6214
30.8130, 14.8012
30.8130, 14.9810
30.8130, 15.3407
30.8130, 15.5205
30.8130, 15.7003
30.8130, 16.2398
30.8130, 16.5994
30.8130, 16.9591
30.8130, 17.1389
30.8130, 17.4985
30.8130, 17.8581
30.8130, 18.3976
30.8130, 18.5774
30.8130, 18.7572
30.8130, 18.9371
30.8130, 19.2967
30.8130, 19.4765
30.8130, 19.6563
30.8130, 20.1958
30.8130, 20.5555
30.8130, 20.9151
30.8130, 21.0949
30.8130, 21.4546
30.8130, 21.6344
30.8130, 21.9940
30.8130, 22.3536
30.8130, 22.8931
30.8130, 23.0729
30.8130, 23.2527
30.8130, 23.4326
30.8130, 23.7922
30.8130, 23.9720
30.8130, 24.1518
30.8130, 24.6913
30.8130, 25.0510
30.8130, 25.4106
30.8130, 25.5904
30.8130, 25.9501
30.8130, 26.3097
30.8130, 26.8492
30.8130, 27.0290
30.8130, 27.2088
30.8130, 27.3886
30.8130, 27.7482
30.8130, 27.9281
30.8130, 28.1079
30.8130, 28.6473
30.8130, 29.0070
30.8130, 29.3666
30.8500, 11.4779
30.8972, 29.8865
30.9928, 12.8232
30.9928, 13.3627
30.9928, 13.7223
30.9928, 14.0819
30.9928, 14.6214
30.9928, 15.1608
30.9928, 15.5205
30.9928, 16.0600
30.9928, 16.4196
30.9928, 16.7792
30.9928, 17.3187
30.9928, 17.6783
30.9928, 18.0380
30.9928, 18.5774
30.9928, 19.1169
30.9928, 19.4765
30.9928, 20.0160
30.9928, 20.3756
30.9928, 20.7353
30.9928, 21.2747
30.9928, 21.8142
30.9928, 22.1738
30.9928, 22.5335
30.9928, 23.0729
30.9928, 23.6124
30.9928, 23.9720
30.9928, 24.5115
30.9928, 24.8711
30.9928, 25.2308
30.9928, 25.7702
30.9928, 26.1299
30.9928, 26.4895
30.9928, 27.0290
30.9928, 27.5684
30.9928, 27.9281
30.9928, 28.4675
30.9928, 28.8272
30.9928, 29.1868
31.0000, 9.2500
31.0000, 9.4500
31.0000, 9.7500
31.0000, 10.1500
31.0000, 12.2750
31.0000, 40.1500
31.0000, 40.5500
31.0000, 40.9500
31.0000, 41.3500
31.0000, 41.7500
31.0900, 11.8250
31.1726, 12.6434
31.1726, 13.0030
31.1726, 13.1828
31.1726, 13.5425
31.1726, 13.9021
31.1726, 14.4416
31.1726, 14.8012
31.1726, 14.9810
31.1726, 15.3407
31.1726, 15.7003
31.1726, 16.2398
31.1726, 16.5994
31.1726, 16.9591
31.1726, 17.1389
31.1726, 17.4985
31.1726, 17.8581
31.1726, 18.3976
31.1726, 18.7572
31.1726, 18.9371
31.1726, 19.2967
31.1726, 19.6563
31.1726, 20.1958
31.1726, 20.5555
31.1726, 20.9151
31.1726, 21.0949
31.1726, 21.4546
31.1726, 21.6344
31.1726, 21.9940
31.1726, 22.3536
31.1726, 22.8931
31.1726, 23.2527
31.1726, 23.4326
31.1726, 23.7922
31.1726, 24.1518
31.1726, 24.6913
31.1726, 25.0510
31.1726, 25.4106
31.1726, 25.5904
31.1726, 25.9501
31.1726, 26.3097
31.1726, 26.8492
31.1726, 27.2088
31.1726, 27.3886
31.1726, 27.7482
31.1726, 28.1079
31.1726, 28.6473
31.1726, 29.0070
31.1726, 29.3666
31.1800, 14.2550
31.1800, 18.2150
31.1800, 19.8350
31.1800, 22.7150
31.1800, 24.3350
31.1800, 26.6750
31.1800, 28.2950
31.1862, 15.8894
31.2337, 8.6512
31.2337, 9.0512
31.2700, 10.9250
31.2700, 29.6450
31.3062, 30.4344
31.3524, 12.8232
31.3524, 13.3627
31.3524, 13.7223
31.3524, 14.0819
31.3524, 14.4416
31.3524, 14.6214
31.3524, 14.8012
31.3524, 15.1608
31.3524, 15.3407
31.3524, 15.5205
31.3524, 15.7003
31.3524, 16.0600
31.3524, 16.4196
31.3524, 16.7792
31.3524, 17.3187
31.3524, 17.6783
31.3524, 18.0380
31.3524, 18.3976
31.3524, 18.5774
31.3524, 18.7572
31.3524, 19.1169
31.3524, 19.2967
31.3524, 19.4765
31.3524, 19.6563
31.3524, 20.0160
31.3524, 20.3756
31.3524, 20.7353
31.3524, 21.8142
31.3524, 22.1738
31.3524, 22.5335
31.3524, 22.8931
31.3524, 23.0729
31.3524, 23.2527
31.3524, 23.6124
31.3524, 23.7922
31.3524, 23.9720
31.3524, 24.1518
31.3524, 24.5115
31.3524, 24.8711
31.3524, 25.2308
31.3524, 25.7702
31.3524, 26.1299
31.3524, 26.4895
31.3524, 26.8492
31.3524, 27.0290
31.3524, 27.2088
31.3524, 27.5684
31.3524, 27.7482
31.3524, 27.9281
31.3524, 28.1079
31.3524, 28.4675
31.3524, 28.8272
31.3524, 29.1868
31.3600, 21.2750
31.3634, 31.6125
31.4000, 9.3500
31.4000, 40.5500
31.4000, 40.9500
31.4000, 41.3500
31.4000, 41.7500
31.4948, 29.9626
31.5323, 12.8232
31.5323, 13.0030
31.5323, 13.3627
31.5323, 13.5425
31.5323, 13.9021
31.5323, 14.2617
31.5323, 14.6214
31.5323, 14.9810
31.5323, 15.3407
31.5323, 15.7003
31.5323, 16.0600
31.5323, 16.4196
31.5323, 16.7792
31.5323, 17.1389
31.5323, 17.4985
31.5323, 17.8581
31.5323, 18.2178
31.5323, 18.5774
31.5323, 18.9371
31.5323, 19.2967
31.5323, 19.6563
31.5323, 20.0160
31.5323, 20.3756
31.5323, 20.9151
31.5323, 21.2747
31.5323, 21.6344
31.5323, 21.9940
31.5323, 22.3536
31.5323, 22.7133
31.5323, 23.0729
31.5323, 23.4326
31.5323, 23.7922
31.5323, 24.1518
31.5323, 24.5115
31.5323, 24.8711
31.5323, 25.2308
31.5323, 25.5904
31.5323, 25.9501
31.5323, 26.3097
31.5323, 26.6693
31.5323, 27.0290
31.5323, 27.3886
31.5323, 27.7482
31.5323, 28.1079
31.5323, 28.4675
31.5323, 29.0070
31.5323, 29.1868
31.5400, 10.4100
31.5400, 12.2100
31.5510, 12.4690
31.5653, 31.7936
31.6336, 8.6512
31.6336, 9.0512
31.7121, 13.1828
31.7121, 16.9591
31.7121, 17.3187
31.7121, 20.7353
31.7121, 21.0949
31.7121, 21.4546
31.7121, 21.8142
31.7121, 25.4106
31.7121, 25.7702
31.7974, 13.6515
31.8000, 9.2500
31.8000, 9.4500
31.8000, 9.7500
31.8000, 10.1500
31.8000, 40.9500
31.8000, 41.3500
31.8000, 41.7500
31.8100, 12.6350
31.8100, 14.0750
31.8100, 14.7950
31.8100, 15.5150
31.8100, 18.7550
31.8100, 19.4750
31.8100, 20.1950
31.8100, 22.5350
31.8100, 23.2550
31.8100, 23.9750
31.8100, 24.3350
31.8100, 26.8550
31.8100, 27.5750
31.8100, 27.9350
31.8919, 13.0030
31.8919, 13.3627
31.8919, 16.7792
31.8919, 17.1389
31.8919, 20.9151
31.8919, 21.2747
31.8919, 21.6344
31.8919, 25.2308
31.8919, 25.5904
31.9000, 11.0150
31.9000, 28.6550
32.0337, 8.6512
32.0337, 9.0512
32.0860, 12.9840
32.1706, 31.8148
32.2000, 9.3500
32.2000, 41.3500
32.4337, 8.6512
32.4337, 9.0512
32.4400, 12.7500
32.5890, 29.6113
32.6000, 9.2500
32.6000, 9.4500
32.6000, 9.7500
32.6000, 10.1500
32.6000, 40.1500
32.6000, 40.9500
32.6000, 41.7500
32.6200, 10.7700
32.6200, 11.6700
32.6200, 13.2900
32.6651, 29.0150
33.0000, 8.5500
33.0000, 8.9500
33.0000, 9.2500
33.0000, 9.4500
33.0000, 40.5500
33.0000, 41.3500
33.1600, 13.8300
33.1600, 14.3700
33.1600, 14.9100
33.1600, 15.4500
33.1600, 15.9900
33.1600, 16.5300
33.1600, 17.0700
33.1600, 17.6100
33.1600, 18.1500
33.1600, 18.6900
33.1600, 19.2300
33.1600, 19.7700
33.1600, 20.3100
33.1600, 20.8500
33.1600, 21.3900
33.1898, 20.0201
33.1934, 21.6538
33.2227, 21.0435
33.3177, 16.2703
33.3339, 15.3528
33.3615, 20.4697
33.3689, 18.9310
33.4000, 8.5500
33.4000, 8.9500
33.4000, 9.3500
33.4000, 9.7500
33.4000, 40.1500
33.4000, 40.9500
33.4000, 41.7500
33.4310, 17.6335
33.4602, 17.1474
33.5200, 10.5900
33.5200, 11.1300
33.5200, 12.5700
33.6045, 8.5415
33.6052, 8.9580
33.6139, 13.7767
33.6974, 20.7349
33.7000, 21.0950
33.7000, 21.7250
33.7014, 15.9258
33.7123, 16.6836
33.7268, 16.1803
33.7847, 15.0670
33.7965, 21.9389
33.8000, 9.2500
33.8000, 9.4500
33.8000, 9.7500
33.8000, 10.1500
33.8000, 40.5500
33.8000, 41.3500
33.8468, 19.9718
33.8615, 16.4326
33.8623, 19.2423
33.8800, 17.2500
33.9244, 18.2179
33.9536, 20.7840
33.9902, 18.9895
34.0204, 15.9877
34.0980, 17.0743
34.1364, 19.8118
34.1802, 15.7321
34.1985, 16.2566
34.2000, 8.5500
34.2000, 8.9500
34.2000, 9.3500
34.2000, 40.1500
34.2000, 40.9500
34.2000, 41.7500
34.3264, 15.9733
34.4045, 8.5415
34.4052, 8.9580
34.4141, 16.9044
34.4141, 21.5369
34.4200, 11.1300
34.4200, 11.6700
34.4200, 12.2100
34.4200, 12.9300
34.4200, 13.8300
34.4200, 21.7500
34.5297, 14.5082
34.5640, 15.5722
34.5815, 15.9826
34.5815, 16.4326
34.6000, 9.2500
34.6000, 9.4500
34.6000, 9.7500
34.6000, 14.9100
34.6000, 17.2500
34.6000, 20.6700
34.6000, 21.2100
34.6000, 40.5500
34.6000, 41.3500
34.6627, 20.9448
34.6849, 18.9474
34.7315, 17.8143
34.7796, 18.7263
34.7800, 15.6300
34.7800, 19.9500
34.8052, 16.0839
34.8911, 16.4256
34.9587, 19.6071
34.9600, 10.5900
35.0000, 8.5500
35.0000, 8.9500
35.0000, 9.3500
35.0000, 10.1500
35.0000, 40.1500
35.0000, 40.9500
35.0000, 41.7500
35.0072, 22.4895
35.1199, 21.3493
35.1400, 16.1700
35.1776, 22.0020
35.2045, 8.5415
35.2052, 8.9580
35.3200, 15.1550
35.4000, 9.2500
35.4000, 9.4500
35.4000, 9.7500
35.4000, 10.9500
35.4000, 12.1500
35.4000, 13.3500
35.4000, 14.5500
35.4000, 15.7500
35.4000, 16.9500
35.4000, 18.1500
35.4000, 19.3500
35.4000, 20.1500
35.4000, 21.3500
35.4000, 21.7500
35.4000, 22.1500
35.4000, 22.5500
35.4000, 22.9500
35.4000, 23.3500
35.4000, 24.1500
35.4000, 24.9500
35.4000, 25.7500
35.4000, 26.5500
35.4000, 27.3500
35.4000, 28.1500
35.4000, 29.3500
35.4000, 30.1500
35.4000, 30.9500
35.4000, 31.7500
35.4000, 32.5500
35.4000, 33.3500
35.4000, 34.1500
35.4000, 34.9500
35.4000, 35.7500
35.4000, 36.5500
35.4000, 37.7500
35.4000, 38.5500
35.4000, 39.3500
35.4000, 40.1500
35.4000, 40.9500
35.4000, 41.3500
35.4581, 21.0715
35.6835, 21.9391
35.7071, 21.1527
35.7700, 15.1550
35.8000, 8.5500
35.8000, 8.9500
35.8000, 9.3500
35.8000, 10.1500
35.8000, 10.9500
35.8000, 11.7500
35.8000, 12.5500
35.8000, 13.3500
35.8000, 14.1500
35.8000, 14.5500
35.8000, 15.3500
35.8000, 16.1500
35.8000, 16.9500
35.8000, 17.7500
35.8000, 18.5500
35.8000, 19.3500
35.8000, 20.1500
35.8000, 20.9500
35.8000, 21.3500
35.8000, 21.7500
35.8000, 22.1500
35.8000, 22.5500
35.8000, 22.9500
35.8000, 23.7500
35.8000, 24.5500
35.8000, 25.3500
35.8000, 26.1500
35.8000, 26.9500
35.8000, 27.7500
35.8000, 28.9500
35.8000, 29.7500
35.8000, 30.5500
35.8000, 31.3500
35.8000, 32.1500
35.8000, 32.9500
35.8000, 33.7500
35.8000, 34.5500
35.8000, 35.3500
35.8000, 36.1500
35.8000, 37.3500
35.8000, 38.1500
35.8000, 38.9500
35.8000, 39.7500
35.8000, 40.5500
35.8000, 41.7500
36.0045, 8.5415
36.0052, 8.9580
36.2000, 9.3500
36.2000, 9.7500
36.2000, 10.0500
36.2000, 10.2500
36.2000, 10.5500
36.2000, 10.8500
36.2000, 11.0500
36.2000, 11.3500
36.2000, 11.6500
36.2000, 11.8500
36.2000, 12.1500
36.2000, 12.4500
36.2000, 12.6500
36.2000, 12.9500
36.2000, 13.3500
36.2000, 13.6500
36.2000, 13.8500
36.2000, 14.1500
36.2000, 14.4500
36.2000, 14.6500
36.2000, 14.9500
36.2000, 15.2500
36.2000, 15.4500
36.2000, 15.7500
36.2000, 16.0500
36.2000, 16.2500
36.2000, 16.5500
36.2000, 16.8500
36.2000, 17.0500
36.2000, 17.3500
36.2000, 17.6500
36.2000, 17.8500
36.2000, 18.1500
36.2000, 18.4500
36.2000, 18.6500
36.2000, 18.9500
36.2000, 19.2500
36.2000, 19.4500
36.2000, 19.7500
36.2000, 20.0500
36.2000, 20.2500
36.2000, 20.5500
36.2000, 20.8500
36.2000, 21.0500
36.2000, 21.3500
36.2000, 21.6500
36.2000, 21.8500
36.2000, 22.1500
36.2000, 22.5500
36.2000, 22.8500
36.2000, 23.0500
36.2000, 23.3500
36.2000, 23.6500
36.2000, 23.8500
36.2000, 24.1500
36.2000, 24.4500
36.2000, 24.6500
36.2000, 24.9500
36.2000, 25.2500
36.2000, 25.4500
36.2000, 25.7500
36.2000, 26.5500
36.2000, 27.3500
36.2000, 28.1500
36.2000, 28.9500
36.2000, 30.1500
36.2000, 30.9500
36.2000, 31.7500
36.2000, 32.5500
36.2000, 33.3500
36.2000, 34.1500
36.2000, 34.9500
36.2000, 35.7500
36.2000, 36.5500
36.2000, 37.7500
36.2000, 38.5500
36.2000, 39.3500
36.2000, 40.1500
36.2000, 40.9500
36.2000, 41.3500
36.2000, 41.7500
36.5915, 20.3455
36.5915, 36.3455
36.5932, 22.7434
36.5932, 23.5434
36.5932, 24.3435
36.5932, 25.1435
36.5932, 25.9434
36.5932, 26.7434
36.5932, 27.5434
36.5932, 28.3435
36.5932, 29.1435
36.5932, 30.3435
36.5932, 31.1435
36.5932, 31.9434
36.5932, 32.7435
36.5932, 33.5434
36.5932, 34.3434
36.5932, 35.1435
36.5932, 35.9434
36.6000, 8.9500
36.6000, 9.3500
36.6000, 9.7500
36.6000, 9.9513
36.6000, 10.5500
36.6000, 10.7513
36.6000, 11.3500
36.6000, 11.5513
36.6000, 12.1500
36.6000, 12.3513
36.6000, 12.9500
36.6000, 13.1513
36.6000, 13.7500
36.6000, 14.1500
36.6000, 14.3513
36.6000, 14.9500
36.6000, 15.1513
36.6000, 15.7500
36.6000, 15.9513
36.6000, 16.5500
36.6000, 16.7513
36.6000, 17.3500
36.6000, 17.5513
36.6000, 18.1500
36.6000, 18.3513
36.6000, 18.9500
36.6000, 19.1513
36.6000, 19.7500
36.6000, 19.9513
36.6000, 20.5500
36.6000, 20.9500
36.6000, 21.3500
36.6000, 21.7500
36.6000, 22.5500
36.6000, 23.3500
36.6000, 24.1500
36.6000, 24.9500
36.6000, 25.7500
36.6000, 26.5500
36.6000, 27.3500
36.6000, 28.1500
36.6000, 28.9500
36.6000, 29.7500
36.6000, 30.1500
36.6000, 30.9500
36.6000, 31.7500
36.6000, 32.5500
36.6000, 33.3500
36.6000, 34.1500
36.6000, 34.9500
36.6000, 35.7500
36.6000, 36.5500
36.6000, 36.9500
36.6000, 37.3500
36.6000, 38.1500
36.6000, 38.9500
36.6000, 39.7500
36.6000, 40.5500
36.6000, 40.9500
36.6000, 41.3500
37.0000, 8.5500
37.0000, 9.3500
37.0000, 9.7500
37.0000, 10.5500
37.0000, 11.3500
37.0000, 12.1500
37.0000, 12.9500
37.0000, 13.7500
37.0000, 14.1500
37.0000, 14.9500
37.0000, 15.7500
37.0000, 16.5500
37.0000, 17.3500
37.0000, 18.1500
37.0000, 18.9500
37.0000, 19.7500
37.0000, 20.5500
37.0000, 20.9500
37.0000, 21.3500
37.0000, 21.7500
37.0000, 22.5500
37.0000, 23.3500
37.0000, 24.1500
37.0000, 24.9500
37.0000, 25.7500
37.0000, 26.5500
37.0000, 27.3500
37.0000, 28.1500
37.0000, 28.9500
37.0000, 29.7500
37.0000, 30.1500
37.0000, 30.9500
37.0000, 31.7500
37.0000, 32.5500
37.0000, 33.3500
37.0000, 34.1500
37.0000, 34.9500
37.0000, 35.7500
37.0000, 36.5500
37.0000, 36.9500
37.0000, 37.7500
37.0000, 38.5500
37.0000, 39.3500
37.0000, 40.1500
37.0000, 40.9500
37.0000, 41.7500
37.0039, 9.9506
37.0039, 10.7506
37.0039, 11.5506
37.0039, 12.3506
37.0039, 13.1506
37.0039, 14.3506
37.0039, 15.1506
37.0039, 15.9506
37.0039, 16.7506
37.0039, 17.5506
37.0039, 18.3506
37.0039, 19.1506
37.0039, 19.9506
37.0050, 22.7415
37.0050, 23.5415
37.0050, 24.3414
37.0050, 25.1414
37.0050, 25.9414
37.0050, 26.7415
37.0050, 27.5415
37.0050, 28.3414
37.0050, 29.1414
37.0050, 30.3414
37.0050, 31.1414
37.0050, 31.9414
37.0050, 32.7415
37.0050, 33.5414
37.0050, 34.3415
37.0050, 35.1414
37.0050, 35.9415
37.0080, 20.3448
37.0080, 36.3448
