1.2153 1.2466
4.7886 5.525
0.939 2.4237
1.9367 1.6378
1.4693 1.3431
1.4693 3.0348
1.4582 5.083
5.0253 5.0668
1.1391 2.2271
4.9491 5.3919
5.1777 5.3919
2.7546 1.5921
3.2067 1.5971
3.2067 1.8207
2.719 5.9456
1.6268 1.9172
1.9113 5.7983
3.1884 4.6817
4.1119 5.2507
2.0454 4.7071
4.6697 4.5689
5.2793 4.8839
5.4825 4.8839
1.5608 4.7112
3.7502 2.2169
3.8336 4.8798
3.876 4.251
1.6928 3.6393
1.6928 5.9355
4.9085 3.8374
3.3002 4.321
4.7358 4.8788
2.7596 1.8105
1.0065 4.3916
1.703 3.2481
3.6087 3.7482
3.6087 5.1048
1.2204 3.2329
2.8154 4.3142
1.0589 3.0729
1.3271 5.5748
3.9314 5.5155
3.7452 1.5768
3.7452 2.0137
4.2125 4.8128
3.063 3.7948
4.2862 4.4274
2.6326 2.1356
2.1145 1.3076
2.1145 3.9543
1.3169 2.2474
3.496 3.8611
1.5374 1.7404
3.3811 3.9739
4.496 2.1026
4.496 2.3302
0.9867 2.0391
1.8656 2.7554
4.8729 2.0899
4.8729 2.3642
2.4498 1.9019
4.8272 4.5943
1.8148 3.7663
2.3075 5.5443
3.1406 5.0973
1.6088 5.5231
2.7952 3.2735
3.2392 5.9009
3.1102 2.0844
1.7233 5.7526
4.173 4.3146
1.129 3.5072
1.129 5.6154
1.0324 3.8476
1.0324 4.1829
1.9214 5.971
3.2799 4.5141
1.383 3.7612
4.0613 4.4275
2.1196 6.0015
2.3431 6.0015
4.5884 6.0015
1.8605 3.4209
2.0891 5.2293
5.3047 3.619
5.3047 5.2649
2.476 4.6537
3.8336 4.6537
3.5826 2.923
3.5826 4.4369
3.5826 4.5943
3.5572 1.3787
4.9034 5.209
3.9492 4.5395
4.1744 4.5395
3.9482 4.7682
5.4398 4.6621
1.8402 5.4579
1.9621 3.873
3.8183 3.0548
3.8183 3.2072
3.034 1.4346
3.034 1.8918
2.1196 1.8054
2.8816 2.8824
2.6128 2.3088
4.0599 4.655
3.5013 3.1313
3.6994 2.603
5.2805 3.9289
3.4761 5.7238
4.7764 4.4064
1.4592 5.8542
2.912 5.8542
2.0332 2.6436
5.3352 4.4826
1.9946 4.5293
1.1894 4.5745
1.6065 4.4927
1.832 4.3871
3.4957 4.9931
1.2864 4.1117
1.9621 4.1117
4.2989 3.3243
1.6878 3.939
1.4592 4.3251
2.3374 4.7622
2.399 1.2365
2.399 3.9898
3.6405 3.2034
3.9992 3.4158
3.4912 5.5595
1.3809 3.397
3.3838 5.3311
4.7225 4.1314
3.674 6.1641
1.5862 3.1465
3.2524 3.1465
2.9176 1.7103
1.1086 4.0254
2.5056 5.9812
1.002 5.4884
3.293 6.1082
2.2212 2.8773
5.4025 3.7968
5.005 3.5174
0.9146 4.5394
2.0078 3.7053
5.0761 4.3759
5.0761 5.2395
3.2949 3.5163
4.6748 1.2161
4.6748 1.4701
4.6748 1.7241
2.4061 4.255
4.0296 2.4455
3.4048 5.9913
1.1798 5.4275
3.8671 2.8976
0.9461 2.2321
2.2567 1.7038
1.4084 5.4173
4.6545 5.4173
3.7218 4.9944
4.4513 6.1387
2.1246 1.5717
5.1409 1.206
5.1409 1.46
5.1409 1.714
5.1409 2.984
1.261 5.7475
3.0817 5.5352
3.2693 5.6853
1.4084 4.5486
2.1825 4.636
2.1043 3.5783
4.7835 5.3218
3.8364 4.4248
5.2285 5.0871
5.4825 5.0871
3.8061 5.6408
3.3489 2.9383
3.5069 3.3071
5.3098 1.333
5.3098 1.587
5.3098 1.841
5.3098 2.095
5.3098 2.349
5.3098 2.603
5.3098 2.857
5.3098 3.111
3.0136 2.984
3.1864 2.984
1.2779 4.9026
5.4787 1.333
5.4787 1.587
5.4787 1.841
5.4787 2.095
5.4787 2.349
5.4787 2.603
5.4787 2.857
5.4787 3.111
5.4787 3.619
5.4787 4.0711
5.4787 4.3302
2.3634 4.5131
2.5869 1.4295
1.637 1.333
3.0898 5.7424
2.8816 5.4986
3.6537 5.4986
1.2001 2.0645
1.9011 2.0645
1.0004 2.5659
4.5427 4.4572
4.558 3.6952
5.0507 3.6952
3.6695 5.3201
1.7939 2.3606
4.8386 1.3177
4.8386 1.5616
4.8386 1.8054
4.4462 5.3868
5.0355 2.6335
5.0355 2.8367
5.1828 4.4877
4.2938 5.5291
1.1137 2.669
4.4716 4.762
5.1422 3.177
5.1422 3.3497
2.8612 1.9477
3.7122 4.1095
1.2104 4.3656
1.51 5.6764
1.095 4.7198
3.5674 2.1001
3.5674 2.2626
3.0136 2.7605
1.7386 2.6081
4.3548 4.6502
4.6037 5.8085
2.8714 1.272
4.1932 5.0068
1.5354 4.9245
4.3243 4.9245
2.2059 2.1564
1.8351 4.9855
2.1196 4.9855
3.6791 5.7678
1.2255 2.7757
5.0939 4.0797
4.592 3.1603
3.3032 2.2677
1.3677 4.7569
2.2466 4.254
2.7756 4.0175
4.0804 4.889
5.0863 4.889
1.1747 1.8715
3.7401 1.7953
1.5415 3.558
2.3583 5.0414
3.7777 5.2033
1.0934 1.714
3.1356 2.4404
1.5862 4.1016
3.923 2.6944
4.7967 3.5987
4.0855 2.2423
1.7284 4.2438
3.0187 5.2192
2.1704 5.8389
3.1656 3.6449
4.7104 2.5014
4.7104 2.7198
4.7104 2.9383
2.923 3.899
1.007 5.2547
4.5783 5.2547
1.6981 4.8533
4.9999 5.5697
