0.048 0.1276
0.048 0.6276
7.6189 5.5703
7.7689 5.5703
0.9381 5.3679
5.8964 10.4213
6.0464 10.4213
2.6971 2.587
5.6903 1.1581
5.7398 3.5419
5.7398 3.8219
5.7398 4.6555
5.7398 4.9355
6.0218 3.3798
9.9 3.036
1.2216 1.4246
7.4499 2.2235
3.8676 4.2253
3.4856 0.3961
8.9284 10.349
1.5071 1.9775
1.5071 3.4775
1.5071 4.9775
1.5071 9.9774
5.825 0.6774
0.0313 9.9214
0.5313 9.9214
3.0992 0.5334
3.2624 0.5334
6.1623 0.4186
0.9551 0.5306
2.4551 0.5306
7.955 0.5306
5.6962 5.1521
5.3992 10.8283
8.3617 0.7293
9.4742 10.3603
5.6911 0.015
6.4353 10.9271
1.2205 4.4241
8.4563 0.0604
4.0511 4.336
7.2703 1.8759
4.1706 0.7187
10.1154 8.017
9.8069 0.5128
9.9146 1.814
9.355 0.7424
6.8062 0.3127
3.882 4.4405
10.1143 2.4407
0.4877 4.1254
0.3006 0.9412
9.1661 5.0271
5.001 10.9201
9.9167 7.8155
9.9167 10.8183
4.2747 3.9322
1.1439 1.728
1.1439 2.228
1.1439 3.228
1.1439 3.728
1.1439 4.728
1.1439 5.228
1.1439 9.728
1.1439 10.228
5.5588 4.1687
4.0477 11.4383
4.9529 11.4383
6.7122 11.4383
4.2734 4.1386
5.6116 11.0246
9.4555 6.8996
9.4368 6.035
5.4635 0.1104
0.0372 0.9784
4.8867 0.3206
10.1145 5.4406
0.4911 4.833
5.2849 6.8693
5.2849 7.4261
5.2849 7.7045
5.2849 7.9829
5.2849 8.2613
8.8891 3.7324
9.3891 3.7324
8.3566 1.7592
9.6652 8.2637
9.9252 8.2637
2.995 0.3171
0.2911 2.438
9.9898 7.9401
3.7025 0.2781
9.9019 1.4786
9.9019 4.4786
9.9019 5.9786
9.9019 7.4786
9.9019 8.9786
9.9019 10.4786
0.0352 5.4771
4.4088 0.608
6.5824 0.608
0.4914 1.8256
2.8133 0.5087
10.1054 9.5134
8.1417 0.7632
5.7609 0.9298
9.5069 1.1842
9.5069 1.6842
9.5069 2.1842
4.9303 0.9675
4.9303 1.2459
4.9303 1.5243
4.9303 1.8027
4.9303 2.0811
4.9303 2.3595
4.9303 2.6379
4.9303 2.9163
3.9517 0.385
3.8857 4.0378
9.9067 9.7189
10.4067 9.7189
5.3174 1.6635
5.3174 1.9419
5.3174 2.2203
5.3174 2.4987
5.3174 2.7771
8.9019 4.4786
8.9019 6.4786
8.9019 7.9786
8.9019 9.9786
9.0069 1.1842
9.0069 1.6842
9.0069 2.1842
8.9199 8.3242
6.5707 5.1438
7.6253 8.8801
0.815 7.7629
2.3676 9.8376
4.2945 1.1067
4.2945 1.3851
4.2945 1.6635
4.2945 1.9419
4.2945 2.2203
4.2945 2.4987
4.2945 2.7771
4.2945 6.4517
4.2945 6.7301
4.2945 7.0085
4.2945 7.2869
4.2945 7.5653
4.2945 7.8437
4.2945 8.1221
10.3746 6.4777
1.4875 3.1253
8.2469 1.0115
8.2469 6.3565
0.0313 11.4214
0.5313 11.4214
1.0313 11.4214
1.5313 11.4214
2.0313 11.4214
4.2045 0.486
10.378 0.9801
4.2722 5.044
10.3626 0.1501
10.3626 0.6501
2.6205 10.7705
6.0229 3.9892
6.0364 4.4974
9.9034 3.7291
10.4034 3.7291
0.0083 8.2172
0.5083 8.2172
1.3084 2.9428
5.274 0.9483
7.4542 8.5319
2.8234 10.6697
9.9903 0.3221
1.2232 2.531
9.1179 8.519
5.6654 10.3367
9.1056 3.5145
7.2034 2.8258
6.7404 10.5406
0.0348 4.9763
1.4942 5.3295
3.7173 0.4937
9.9154 8.6375
3.5538 11.0675
9.0762 0.5003
9.8962 8.4897
4.6334 10.4885
5.027 10.4885
7.4005 8.7477
7.4005 9.0277
2.0723 10.6677
2.8163 1.608
1.0061 3.9542
8.3076 0.5101
8.9486 5.8105
9.4486 5.8105
0.9613 9.5503
5.9353 11.0213
5.735 1.5243
5.735 1.8027
5.735 2.0811
5.735 2.3595
5.735 2.6379
5.735 2.9163
5.735 6.8693
5.735 7.1477
5.735 7.4261
5.735 7.7045
5.735 7.9829
5.735 8.2613
5.735 8.5397
0.888 2.5554
0.0331 3.978
10.3742 8.477
5.6912 4.0395
2.6058 1.2454
5.48 0.7558
10.1153 3.9387
4.3012 4.7826
0.2984 3.5187
10.1098 9.9404
5.2581 0.7169
8.9333 9.5974
4.8302 4.1691
4.8302 4.4475
4.8302 9.5055
4.8302 9.6555
4.8302 10.7472
7.2728 1.5721
7.2728 1.724
4.6412 3.7515
5.1391 3.7515
6.5702 1.2824
6.5702 1.5243
6.5702 1.8027
6.5702 2.0811
6.5702 2.3595
6.5702 2.6379
6.5702 2.9163
6.5702 3.1947
6.5702 3.4731
6.5702 3.7515
6.5702 4.0299
6.5702 4.3083
6.5702 4.5867
6.5702 4.8651
6.5702 6.8693
6.5702 7.1477
6.5702 7.4261
6.5702 7.7045
6.5702 7.9829
6.5702 8.2613
6.5702 8.5397
6.5702 8.8181
6.5702 9.0965
6.5702 9.3749
6.5702 9.6533
6.5702 9.9317
6.5702 10.2101
0.0314 8.4759
5.6941 4.4397
1.9864 1.748
1.9864 2.248
1.9864 2.748
0.4847 8.6184
5.5137 3.6854
6.2918 1.5243
6.2918 1.8027
6.2918 2.0811
6.2918 2.3595
6.2918 2.6379
6.2918 2.9163
6.2918 3.1947
6.2918 3.4731
6.2918 3.7515
6.2918 4.0299
6.2918 4.3083
6.2918 6.8693
6.2918 7.1477
6.2918 7.4261
6.2918 7.7045
6.2918 7.9829
6.2918 8.2613
6.2918 8.5397
6.2918 8.8181
6.2918 9.0965
6.2918 9.3749
6.2918 9.6533
6.2918 9.9317
3.8836 3.3255
5.6891 3.3271
2.2431 11.2236
9.2116 9.4231
0.9152 6.6376
5.1511 5.9618
5.6511 5.9618
6.1512 5.9618
6.6512 5.9618
7.1512 5.9618
9.9539 0.0583
1.4955 0.3215
9.7005 8.488
3.9459 0.0073
4.4459 0.0073
4.9459 0.0073
1.4329 7.429
2.5829 11.2256
9.9168 1.1275
0.9467 2.3845
1.919 0.3229
1.311 6.1352
1.311 8.1352
1.311 8.6352
1.311 9.1352
4.9044 3.3054
3.0425 1.1135
1.2056 5.5297
8.2202 10.9424
8.2202 11.4424
8.0022 2.7013
8.3468 8.2842
8.3468 8.4342
10.3749 3.4758
9.9211 4.1287
10.1037 5.0145
3.4147 10.6081
0.2981 9.5146
1.1349 0.7829
1.6349 0.7829
2.1349 0.7829
0.811 6.1352
0.811 8.1352
0.811 8.6352
0.811 9.1352
5.8593 6.3516
6.3593 6.3516
6.8593 6.3516
3.161 9.8352
3.161 9.9852
3.161 10.1352
0.2918 8.4395
10.1135 3.5159
8.9004 2.9846
3.8366 10.729
1.4806 9.6015
7.4563 9.2442
7.381 10.7431
7.881 10.7431
8.381 10.7431
7.2045 11.2886
7.7045 11.2886
5.4566 1.2459
5.4566 1.5243
5.4566 1.8027
5.4566 2.0811
5.4566 2.3595
5.4566 2.6379
5.4566 2.9163
5.4566 3.1947
5.4566 6.5909
10.3766 4.9767
10.3766 5.479
2.6503 2.3767
4.2578 4.5303
0.2187 6.7288
4.8106 0.7774
10.3758 3.9796
2.2063 10.9685
8.9279 7.6099
8.858 11.4258
9.358 11.4258
9.858 11.4258
10.358 11.4258
7.2096 6.2717
7.2096 6.6893
7.2096 7.0477
7.2096 7.2477
7.2096 7.6637
7.2096 8.1613
7.104 0.2719
1.9529 0.0628
0.005 3.729
0.505 3.729
7.9895 11.132
7.1243 9.3435
10.1012 6.5132
7.4619 2.9213
10.3745 9.9769
6.1157 0.689
0.9385 4.5814
6.3167 4.5814
5.2981 11.287
0.9466 1.5708
6.9193 11.1315
7.9553 11.3962
0.2286 9.737
2.6073 11.4515
7.7182 9.6076
8.2182 9.6076
8.7182 9.6076
7.1671 1.2377
7.1671 1.3888
4.5828 7.1477
4.9383 7.1477
5.2849 7.1477
8.351 7.1477
0.9646 10.4131
5.6434 9.0965
5.6434 9.3749
5.6434 9.6533
5.9135 0.1136
6.3514 0.5423
8.9952 0.7019
5.783 9.9228
3.7061 4.8067
7.5397 2.4283
7.5397 2.7083
5.2415 8.9958
5.3916 8.9958
6.9795 0.4574
10.3748 2.4787
7.7266 2.3028
9.2002 3.9247
7.4956 0.0113
7.5446 3.6123
7.5446 3.8907
7.5446 4.1691
7.5446 4.4475
7.5446 4.7259
7.5446 5.0043
4.4083 11.1617
0.1439 1.228
0.1439 1.728
0.1439 2.728
0.1439 3.228
0.1439 4.228
0.1439 4.728
0.1439 5.728
0.1439 6.228
0.1439 8.728
0.1439 9.228
0.7045 0.1675
1.2045 0.1675
2.2045 0.1675
2.7045 0.1675
7.7045 0.1675
8.2045 0.1675
9.2045 0.1675
9.7045 0.1675
3.3019 11.1991
0.0149 2.2126
0.5149 2.2126
3.2356 0.1255
1.3092 4.014
0.0313 10.4214
0.5313 10.4214
6.2449 10.7282
9.4185 3.4426
10.1155 0.9389
0.5981 0.5123
2.4243 1.6318
1.4901 10.3251
9.4345 0.5299
9.7873 7.9295
2.8019 11.2789
0.0359 3.4779
0.0359 9.4796
7.2017 5.5204
4.5828 6.3125
4.5828 6.5909
4.5828 6.8693
4.5828 7.4261
4.5828 7.7045
4.5828 7.9829
4.5828 8.2613
3.8019 11.169
1.1911 7.5285
7.127 3.1947
7.127 3.4731
7.127 3.7515
7.127 4.1691
7.127 4.4475
7.127 4.7259
7.127 5.0043
9.6842 4.8732
9.6842 5.3732
9.6842 5.8732
9.6842 6.3732
9.6842 6.8732
9.6842 7.3732
4.2603 3.4185
0.0356 6.4795
3.811 1.1352
3.811 1.6352
3.811 2.1352
3.811 2.6352
3.811 3.1352
3.811 6.1352
3.811 6.6352
3.811 7.1352
3.811 7.6352
3.811 8.1352
9.1216 2.4583
8.9324 6.0967
9.9166 2.2226
9.9166 6.7323
9.9166 11.2023
0.4875 5.6223
0.4884 9.3278
9.9198 10.1273
9.5692 7.9521
4.9444 11.1733
9.4118 8.4472
0.4836 2.6147
5.7441 11.4396
5.981 11.4396
7.5765 5.3054
7.1811 9.9029
7.1811 10.4029
1.265 6.728
1.265 7.228
7.4232 0.3349
4.2986 3.6838
9.4283 7.5249
5.5158 4.7948
1.4775 1.5972
3.311 1.1352
3.311 1.6352
3.311 2.1352
3.311 2.6352
3.311 3.1352
3.311 3.6352
3.311 4.1352
3.311 4.6352
3.311 5.1352
3.311 5.6352
3.311 6.1352
3.311 6.6352
3.311 7.1352
3.311 7.6352
3.311 8.1352
3.311 8.6352
3.311 9.1352
3.311 9.6352
3.311 9.8352
3.311 9.9852
3.311 10.1352
0.0297 11.1873
0.5297 11.1873
3.9723 5.3709
7.7641 2.5649
3.884 5.1529
8.8858 5.2257
9.3858 5.2257
1.4892 3.8373
1.4892 4.6277
7.9556 1.7806
0.2957 3.9408
0.2957 5.4403
1.0973 6.4423
0.4894 3.3282
7.7315 2.828
6.1082 4.7964
4.5877 0.3074
8.92 0.3253
9.7172 9.601
9.7172 10.101
9.7172 10.601
3.032 10.8066
8.7281 0.4436
9.4535 4.8975
1.4622 2.3857
3.9302 3.5419
3.9302 3.8219
3.9302 4.6555
3.9302 4.9355
3.3366 10.9671
10.3754 9.4766
2.5671 2.0051
7.276 0.065
6.3245 0.8501
8.6213 10.8707
9.1213 10.8707
9.6213 10.8707
2.5985 11.0003
7.8062 10.9437
10.1063 2.0148
5.487 0.3799
6.4679 0.262
0.0355 1.9784
4.5555 3.1581
10.3759 1.9756
10.3759 6.9803
8.9543 0.062
3.8382 0.8138
0.5116 6.9525
0.5116 7.4525
0.5116 7.9525
2.1056 0.5136
0.0116 6.9525
0.0116 7.4525
0.0116 7.9525
3.5645 0.005
0.507 1.4775
0.507 2.9775
0.507 4.4775
0.507 5.9775
0.507 8.9774
6.0388 5.0919
4.0217 1.1067
4.0217 1.3851
4.0217 1.6635
4.0217 1.9419
4.0217 2.2203
4.0217 2.4987
4.0217 2.7771
1.811 3.1352
1.811 3.6352
1.811 4.1352
1.811 4.6352
1.811 5.1352
1.811 5.6352
1.811 6.1352
1.811 6.6352
1.811 7.1352
1.811 7.6352
1.811 8.1352
1.811 8.6352
1.811 9.1352
1.811 9.6352
9.9159 9.3147
3.0664 11.4482
3.5471 11.4482
0.2137 5.2107
4.4101 3.3134
1.2156 9.424
8.4897 0.323
5.2415 9.1458
5.3916 9.1458
8.5078 7.1199
9.1208 6.9965
7.1952 2.323
7.0297 0.7492
6.5351 11.1604
5.8583 4.1484
5.8583 4.3176
3.9372 5.5959
4.6412 4.8651
5.1391 4.8651
5.0047 0.5793
6.1999 11.0914
0.4143 0.3223
2.6244 2.8087
9.4385 2.5354
8.9238 4.8384
8.9271 7.2444
9.4271 7.2444
6.0134 1.5243
6.0134 1.8027
6.0134 2.0811
6.0134 2.3595
6.0134 2.6379
6.0134 2.9163
6.0134 3.1947
6.0134 4.3083
6.0134 6.8693
6.0134 7.1477
6.0134 7.4261
6.0134 7.7045
6.0134 7.9829
6.0134 8.2613
6.0134 8.5397
6.0134 8.8181
6.0134 9.0965
6.0134 9.3749
6.0134 9.6533
6.0134 9.9317
5.2352 0.3272
4.1418 10.7472
8.8372 0.8673
0.2944 6.515
0.929 10.7298
4.5908 0.7254
4.5908 0.9675
4.5908 1.2459
4.5908 1.5243
4.5908 1.8027
4.5908 2.0811
4.5908 2.3595
4.5908 2.6379
4.5908 2.9163
4.7606 1.3851
4.7606 1.9419
4.7606 2.4987
4.7606 6.7301
4.7606 7.2869
4.7606 7.8437
7.8819 8.7556
8.0319 8.7556
8.1819 8.7556
7.2504 0.6969
10.3776 7.9762
3.7074 3.6697
7.6892 3.1382
8.1645 2.7016
7.3358 3.3339
7.3358 3.6123
7.3358 3.8907
7.3358 4.1691
7.3358 4.4475
7.3358 4.7259
7.3358 5.0043
7.6189 5.7203
7.7689 5.7203
1.36 6.47
9.9216 5.6253
10.265 1.228
10.265 1.728
10.265 2.728
10.265 3.228
10.265 4.228
10.265 4.728
10.265 5.728
10.265 6.228
10.265 7.228
10.265 7.728
10.265 8.728
10.265 9.228
10.265 10.228
10.265 10.728
1.0153 3.0202
0.2962 5.0159
7.8631 3.0104
3.0845 10.3501
0.4908 6.3254
5.387 4.4296
7.114 9.1907
5.056 3.484
5.2189 3.484
7.3546 0.4824
8.6102 0.7655
7.1104 8.5884
7.1104 10.9413
6.2759 1.1449
4.6761 8.5084
4.8261 8.5084
4.9761 8.5084
5.1261 8.5084
9.9179 4.82
9.1875 5.9265
8.9253 6.7651
10.3753 10.9765
1.263 10.5233
4.6093 11.2872
0.3014 2.0147
0.4562 0.059
1.4537 0.059
9.9122 7.1363
7.4419 10.9263
7.5996 0.5154
9.265 2.728
9.265 3.228
9.265 4.228
9.265 4.728
9.265 6.228
9.265 6.728
9.265 7.728
9.265 8.228
9.265 9.728
9.265 10.228
4.052 4.1403
7.6821 0.8208
7.6821 1.3208
7.6821 1.8208
1.3083 0.5107
9.1508 7.4324
2.311 3.1352
2.311 3.6352
2.311 4.1352
2.311 4.6352
2.311 5.1352
2.311 5.6352
2.311 6.1352
2.311 6.6352
2.311 7.1352
2.311 7.6352
2.311 8.1352
2.311 8.6352
2.311 9.1352
9.4536 4.0592
2.957 0.0595
9.471 9.5866
9.1935 10.5316
2.811 3.1352
2.811 3.6352
2.811 4.1352
2.811 4.6352
2.811 5.1352
2.811 5.6352
2.811 6.1352
2.811 6.6352
2.811 7.1352
2.811 7.6352
2.811 8.1352
2.811 8.6352
2.811 9.1352
2.811 9.6352
2.811 10.1352
10.1087 8.4428
6.8486 0.9675
6.8486 1.2459
6.8486 1.5243
6.8486 1.8027
6.8486 2.0811
6.8486 2.3595
6.8486 2.6379
6.8486 2.9163
6.8486 3.1947
6.8486 3.4731
6.8486 3.7515
6.8486 4.0299
6.8486 4.3083
6.8486 4.5867
6.8486 4.8651
6.8486 6.8693
6.8486 7.1477
6.8486 7.4261
6.8486 7.7045
6.8486 7.9829
6.8486 8.2613
6.8486 8.5397
6.8486 8.8181
6.8486 9.0965
6.8486 9.3749
6.8486 9.6533
6.8486 9.9317
6.8486 10.2101
3.8036 9.7428
3.8036 9.8928
3.8036 10.0428
6.6259 0.0093
6.7759 0.0093
6.9259 0.0093
5.9849 1.0905
1.1349 1.2829
1.6349 1.2829
2.1349 1.2829
10.1091 11.0129
6.47 11.3775
4.9383 6.3125
4.9383 6.5909
4.9383 6.8693
4.9383 7.4261
4.9383 7.7045
4.9383 7.9829
4.9383 8.2613
10.4166 2.2226
10.4166 6.7323
10.4166 11.2023
0.7243 2.305
0.7243 2.805
0.7243 3.305
0.7243 3.805
0.488 1.1262
4.7528 11.0411
0.9277 7.3531
4.6214 9.6255
5.039 9.6255
9.9175 6.3188
10.3968 5.2291
4.6644 3.5197
1.1702 7.7646
0.0323 2.4801
8.9293 4.1079
4.8261 8.6584
4.9761 8.6584
5.1261 8.6584
6.9531 11.3937
7.7182 9.1076
8.2182 9.1076
0.0313 10.9214
0.5313 10.9214
1.0313 10.9214
1.5313 10.9214
7.1687 2.5773
10.1046 6.9431
