17.4033, 137.2499
17.4033, 137.5499
17.4033, 137.8499
17.4033, 138.1499
17.4033, 138.4499
17.4033, 138.7499
17.4033, 139.0499
17.4033, 139.3499
17.4033, 139.6499
17.4033, 139.9499
17.4033, 140.2499
17.4033, 140.5499
17.4033, 140.8499
17.4033, 141.1499
17.4033, 141.4499
17.4033, 141.7499
17.4033, 142.0499
17.4033, 142.3499
17.4033, 142.6499
17.4033, 142.9499
17.4033, 143.2499
17.4033, 143.5499
17.4033, 143.8499
17.4033, 144.1499
17.4033, 144.4499
17.4033, 144.7499
17.4033, 145.0499
17.4033, 145.3499
17.4033, 145.6499
17.4033, 145.9499
17.4033, 146.2499
17.4033, 146.5499
17.4033, 146.8499
17.4033, 147.1499
17.4033, 147.4499
17.4033, 147.7499
17.4033, 148.0499
17.4033, 148.3499
17.4033, 148.6499
17.4033, 148.9499
17.4033, 149.2499
17.4033, 149.5499
17.4033, 149.8499
17.4033, 150.1499
17.4033, 150.4499
17.4033, 150.7499
17.4033, 151.0499
17.4033, 151.3499
17.4033, 151.6499
17.4033, 151.9499
17.4033, 152.2499
17.4033, 152.5499
17.4033, 152.8499
17.4033, 153.1499
17.4033, 153.4499
17.4033, 153.7499
17.4033, 154.0499
17.4033, 154.3499
17.4033, 154.6499
17.4033, 154.9499
17.4033, 155.2499
17.4033, 155.5499
17.4033, 155.8499
17.4033, 156.1499
17.4033, 156.4499
17.4033, 156.7499
17.4033, 157.0499
17.4033, 157.3499
17.4033, 157.6499
17.4033, 157.9499
17.4033, 158.2499
17.4033, 158.5499
17.7033, 137.2499
17.7033, 137.5499
17.7033, 137.8499
17.7033, 138.1499
17.7033, 138.4499
17.7033, 138.7499
17.7033, 139.0499
17.7033, 139.3499
17.7033, 139.6499
17.7033, 139.9499
17.7033, 140.2499
17.7033, 140.5499
17.7033, 140.8499
17.7033, 141.1499
17.7033, 141.4499
17.7033, 141.7499
17.7033, 142.0499
17.7033, 142.3499
17.7033, 142.6499
17.7033, 142.9499
17.7033, 143.2499
17.7033, 143.5499
17.7033, 143.8499
17.7033, 144.1499
17.7033, 144.4499
17.7033, 144.7499
17.7033, 145.0499
17.7033, 145.3499
17.7033, 145.6499
17.7033, 145.9499
17.7033, 146.2499
17.7033, 146.5499
17.7033, 146.8499
17.7033, 147.1499
17.7033, 147.4499
17.7033, 147.7499
17.7033, 148.0499
17.7033, 148.3499
17.7033, 148.6499
17.7033, 148.9499
17.7033, 149.2499
17.7033, 149.5499
17.7033, 149.8499
17.7033, 150.1499
17.7033, 150.4499
17.7033, 150.7499
17.7033, 151.0499
17.7033, 151.3499
17.7033, 151.6499
17.7033, 151.9499
17.7033, 152.2499
17.7033, 152.5499
17.7033, 152.8499
17.7033, 153.1499
17.7033, 153.4499
17.7033, 153.7499
17.7033, 154.0499
17.7033, 154.3499
17.7033, 154.6499
17.7033, 154.9499
17.7033, 155.2499
17.7033, 155.5499
17.7033, 155.8499
17.7033, 156.1499
17.7033, 156.4499
17.7033, 156.7499
17.7033, 157.0499
17.7033, 157.3499
17.7033, 157.6499
17.7033, 157.9499
17.7033, 158.2499
17.7033, 158.5499
18.0033, 137.2499
18.0033, 137.5499
18.0033, 147.3999
18.0033, 147.7499
18.0033, 148.0999
18.0033, 158.2499
18.0033, 158.5499
18.3033, 137.2499
18.3033, 137.5499
18.3033, 147.3999
18.3033, 147.7499
18.3033, 148.0999
18.3033, 158.2499
18.3033, 158.5499
18.5827, 143.7683
18.6033, 137.2499
18.6033, 137.5499
18.6033, 147.3999
18.6033, 147.7499
18.6033, 148.0999
18.6033, 158.2499
18.6033, 158.5499
18.6033, 157.4997
18.6033, 157.4997
18.6095, 154.8999
18.6342, 142.4231
18.6410, 141.1798
18.6517, 152.3513
18.6517, 153.0013
18.6517, 153.6513
18.6517, 154.3013
18.6517, 139.4499
18.6517, 139.4499
18.6517, 140.0999
18.6517, 144.6499
18.6517, 145.2999
18.6517, 145.9499
18.6517, 146.5999
18.6517, 146.5999
18.6517, 147.2499
18.6517, 148.4512
18.6517, 149.1012
18.6517, 149.7512
18.6517, 150.4012
18.6517, 151.0512
18.6517, 151.7012
18.6781, 141.7382
18.6865, 142.9849
18.7311, 143.4886
18.7608, 155.6278
18.7907, 157.0686
18.8690, 156.2215
18.9033, 137.2499
18.9033, 137.5499
18.9033, 147.3999
18.9033, 147.7499
18.9033, 148.0999
18.9033, 158.2499
18.9033, 158.5499
18.9082, 156.8229
19.0344, 156.4455
19.0523, 138.8755
19.0750, 155.9042
19.1044, 155.5638
19.1074, 154.1549
19.1087, 155.1369
19.1355, 151.1804
19.1398, 146.9144
19.1398, 146.9144
19.2033, 137.2499
19.2033, 137.5499
19.2033, 147.3999
19.2033, 147.7499
19.2033, 148.0999
19.2033, 158.2499
19.2033, 158.5499
19.2405, 143.5406
19.2456, 140.8012
19.2647, 148.2707
19.2648, 157.5856
19.2650, 141.1167
19.2707, 157.3305
19.2718, 151.5261
19.2753, 152.1709
19.2886, 157.0643
19.2942, 139.1820
19.3017, 153.0013
19.3017, 142.0499
19.3017, 142.6999
19.3017, 142.6999
19.3017, 144.6499
19.3017, 147.2499
19.3017, 149.1012
19.3017, 149.1012
19.3017, 149.7512
19.3017, 150.4012
19.3023, 140.1505
19.3145, 153.8647
19.3145, 153.8647
19.3242, 143.1924
19.3273, 141.6755
19.3314, 145.8505
19.3414, 156.3066
19.3420, 145.2788
19.3819, 154.7099
19.3990, 155.1369
19.4033, 155.5638
19.4448, 140.7181
19.5033, 137.2499
19.5033, 137.5499
19.5033, 147.3999
19.5033, 147.7499
19.5033, 148.0999
19.5033, 158.2499
19.5033, 158.5499
19.5610, 138.4031
19.5610, 138.4031
19.6658, 156.9213
19.6773, 139.5505
19.7075, 143.7954
19.7235, 157.5510
19.7854, 154.2446
19.8016, 155.6550
19.8033, 137.2499
19.8033, 137.5499
19.8033, 147.3999
19.8033, 147.7499
19.8033, 148.0999
19.8033, 158.2499
19.8033, 158.5499
19.8094, 142.8977
19.8132, 156.3468
19.8258, 151.1664
19.8302, 154.8871
19.8461, 153.1345
19.8948, 148.6012
19.8948, 149.2512
19.8952, 145.3512
19.9025, 152.2901
19.9095, 144.4999
19.9099, 146.4499
19.9099, 147.0999
19.9190, 150.3672
19.9248, 149.5686
19.9353, 143.2051
19.9786, 142.5844
19.9855, 156.8647
20.0214, 151.2546
20.0273, 141.1255
20.0326, 155.2639
20.0523, 140.4505
20.0735, 157.5809
20.0812, 155.0098
20.0944, 148.5238
20.0970, 153.8625
20.1033, 137.2499
20.1033, 137.5499
20.1033, 147.3999
20.1033, 147.7499
20.1033, 148.0999
20.1033, 158.2499
20.1033, 158.5499
20.1063, 146.1814
20.1113, 144.2325
20.1130, 150.0876
20.1523, 139.1255
20.1588, 152.0383
20.1696, 150.8996
20.1707, 152.8452
20.1843, 142.3481
20.1874, 150.6033
20.2023, 138.4255
20.2081, 152.5592
20.2217, 145.1746
20.2368, 156.8627
20.3023, 139.6005
20.3048, 143.3213
20.3766, 157.5788
20.3797, 143.0000
20.4033, 137.2499
20.4033, 137.5499
20.4033, 147.3999
20.4033, 147.7499
20.4033, 148.0999
20.4033, 158.2499
20.4033, 158.5499
20.4509, 155.2296
20.4690, 156.3596
20.5378, 154.3375
20.5517, 153.8326
20.5538, 157.2927
20.5689, 146.8994
20.5815, 153.3524
20.6000, 146.6069
20.6355, 156.8647
20.6435, 140.6564
20.6550, 154.9929
20.6764, 150.1548
20.6925, 157.5958
20.7033, 137.2499
20.7033, 137.5499
20.7033, 147.3999
20.7033, 147.7499
20.7033, 148.0999
20.7033, 158.2499
20.7033, 158.5499
20.7284, 155.4799
20.7561, 143.0694
20.7653, 145.1623
20.7762, 149.5974
20.7904, 143.3615
20.8273, 138.4255
20.8291, 154.6310
20.8392, 145.5238
20.8550, 144.2625
20.8753, 149.2967
20.8868, 156.8627
20.9023, 139.0255
20.9124, 152.2936
20.9162, 155.7276
20.9298, 155.2378
20.9523, 139.4505
20.9733, 154.2024
21.0033, 137.2499
21.0033, 137.5499
21.0033, 147.3999
21.0033, 147.7499
21.0033, 148.0999
21.0033, 158.2499
21.0033, 158.5499
21.0158, 148.3152
21.0362, 153.3823
21.0397, 150.7934
21.0447, 152.9340
21.0534, 141.5600
21.0543, 153.8145
21.0585, 140.9350
21.0784, 146.1738
21.0956, 143.4209
21.1444, 140.4826
21.1500, 144.8287
21.1952, 142.1012
21.2095, 147.0999
21.2172, 142.4143
21.2226, 151.7624
21.2290, 157.5258
21.2323, 148.9555
21.2423, 156.9809
21.2517, 156.2513
21.3018, 151.0814
21.3027, 138.7401
21.3033, 137.2499
21.3033, 137.5499
21.3033, 147.3999
21.3033, 147.7499
21.3033, 148.0999
21.3033, 158.2499
21.3033, 158.5499
21.3489, 154.0051
21.3868, 155.2871
21.4247, 152.6138
21.4332, 153.2414
21.4523, 153.7344
21.4806, 145.1666
21.4876, 154.4731
21.5287, 138.4919
21.5388, 141.5596
21.5439, 140.9319
21.5965, 155.6242
21.6023, 139.5505
21.6033, 137.2499
21.6033, 137.5499
21.6033, 147.3999
21.6033, 147.7499
21.6033, 148.0999
21.6033, 158.2499
21.6033, 158.5499
21.6345, 150.1003
21.6413, 149.5177
21.6467, 152.0674
21.6509, 157.7384
21.6552, 151.6533
21.6645, 156.3480
21.6645, 156.7262
21.6890, 155.9969
21.7023, 142.5347
21.7298, 154.8160
21.7325, 155.2595
21.7434, 152.7718
21.7461, 153.3378
21.7523, 143.8005
21.7773, 139.1755
21.7818, 151.1952
21.7958, 149.2342
21.8082, 150.3598
21.8419, 148.6613
21.8656, 157.4097
21.8736, 154.5685
21.8736, 154.5685
21.9017, 152.3513
21.9017, 153.0013
21.9017, 155.6013
21.9017, 156.2513
21.9033, 137.2499
21.9033, 137.5499
21.9033, 147.3999
21.9033, 147.7499
21.9033, 148.0999
21.9033, 158.2499
21.9033, 158.5499
21.9069, 153.6182
21.9093, 142.5669
21.9168, 157.0075
21.9371, 144.2414
21.9689, 145.7050
22.0433, 147.2262
22.0509, 157.8092
22.0523, 138.4505
22.0727, 152.6459
22.0864, 151.6447
22.0971, 155.8636
22.1029, 154.0768
22.1206, 151.1239
22.1244, 155.1480
22.1679, 154.4486
22.1909, 141.8467
22.2033, 137.2499
22.2033, 137.5499
22.2033, 147.3999
22.2033, 147.7499
22.2033, 148.0999
22.2033, 158.2499
22.2033, 158.5499
22.2169, 156.5167
22.2207, 145.6961
22.2235, 146.7523
22.2525, 141.2339
22.2729, 145.1306
22.2782, 149.1837
22.2994, 143.3302
22.3011, 139.5783
22.3023, 138.4505
22.3230, 157.2922
22.3624, 144.4181
22.3714, 150.3117
22.4044, 140.6760
22.4101, 153.3466
22.4279, 150.9275
22.4291, 152.0051
22.4450, 151.2477
22.4535, 150.5946
22.4563, 155.6704
22.4590, 155.3031
22.4590, 156.0813
22.4672, 156.4459
22.4944, 157.8092
22.4952, 149.2513
22.4956, 143.4012
22.4956, 143.4012
22.5033, 137.2499
22.5033, 137.5499
22.5033, 147.3999
22.5033, 147.7499
22.5033, 148.0999
22.5033, 158.2499
22.5033, 158.5499
22.5135, 140.4916
22.5149, 152.8606
22.5273, 139.0505
22.5316, 152.5882
22.5517, 154.9513
22.5517, 156.9013
22.5517, 157.5513
22.6522, 154.2527
22.6604, 153.7548
22.6721, 150.0231
22.7396, 142.5224
22.7396, 142.5224
22.7652, 150.9361
22.7841, 151.8987
22.8033, 137.2499
22.8033, 137.5499
22.8033, 147.3999
22.8033, 147.7499
22.8033, 148.0999
22.8033, 158.2499
22.8033, 158.5499
22.8264, 156.4241
22.8427, 151.5643
22.8463, 150.5391
22.8489, 152.3871
22.8618, 155.9044
22.9023, 138.4755
22.9053, 155.2623
22.9080, 152.6446
22.9417, 145.9341
22.9434, 153.9725
22.9455, 145.2681
22.9461, 153.3602
22.9516, 154.6255
22.9523, 139.1255
22.9587, 147.1735
22.9609, 143.2861
22.9625, 144.2362
22.9644, 148.4752
22.9700, 149.1242
22.9706, 157.8255
23.0434, 149.6832
23.1033, 137.2499
23.1033, 137.5499
23.1033, 147.3999
23.1033, 147.7499
23.1033, 148.0999
23.1033, 158.2499
23.1033, 158.5499
23.1238, 150.7290
23.1270, 150.2312
23.1446, 152.9537
23.1452, 145.3512
23.1452, 146.0012
23.1595, 148.3999
23.1595, 149.0499
23.1595, 143.1999
23.1595, 143.8499
23.1595, 147.0999
23.1595, 147.0999
23.1599, 144.4999
23.1724, 139.7910
23.1936, 142.1300
23.2017, 153.6513
23.2017, 154.3013
23.2017, 154.9513
23.2017, 155.6013
23.2017, 156.2513
23.2017, 156.9013
23.2017, 157.5513
23.2836, 149.5928
23.3135, 152.0242
23.3135, 152.5004
23.3162, 151.0908
23.3162, 151.5698
23.3773, 138.8755
23.4023, 138.3255
23.4023, 138.3255
23.4033, 137.2499
23.4033, 137.5499
23.4033, 147.3999
23.4033, 147.7499
23.4033, 148.0999
23.4033, 158.2499
23.4033, 158.5499
23.4192, 139.5255
23.4278, 156.5221
23.4470, 140.0379
23.4739, 150.2125
23.4867, 150.6778
23.5366, 157.8255
23.5366, 157.8255
23.5901, 143.3251
23.5901, 143.9798
23.6019, 154.5493
23.6023, 140.4755
23.6023, 140.8505
23.6073, 155.8663
23.6128, 157.0690
23.6128, 153.2840
23.6128, 153.2840
23.6182, 153.9344
23.6182, 155.1588
23.6284, 149.8063
23.6386, 139.3807
23.7033, 137.2499
23.7033, 137.5499
23.7033, 147.3999
23.7033, 147.7499
23.7033, 148.0999
23.7033, 158.2499
23.7033, 158.5499
23.7044, 141.9760
23.7347, 140.0362
23.7819, 146.3318
23.7819, 150.8818
23.7952, 143.4012
23.7952, 144.0512
23.8095, 142.5499
23.8104, 148.4877
23.8104, 148.4877
23.8422, 151.5956
23.8489, 149.4273
23.8517, 153.6513
23.8517, 154.3013
23.8517, 154.9513
23.8517, 155.6013
23.8517, 156.2513
23.8517, 156.9013
23.8517, 157.5513
23.8740, 156.5357
23.8740, 151.8683
23.8894, 145.4437
23.9002, 141.3751
23.9027, 139.3901
23.9847, 150.6708
24.0022, 140.8594
24.0033, 137.2499
24.0033, 137.5499
24.0033, 147.3999
24.0033, 147.7499
24.0033, 148.0999
24.0033, 158.2499
24.0033, 158.5499
24.0101, 138.7626
24.0296, 149.7644
24.0320, 152.5296
24.0323, 150.1917
24.0447, 144.5018
24.0576, 142.8319
24.0645, 157.8473
24.0755, 145.1164
24.0800, 148.8577
24.1085, 146.2515
24.1357, 147.2300
24.1523, 138.4255
24.1594, 151.0713
24.1646, 148.4679
24.1951, 155.7874
24.2062, 143.8202
24.2101, 151.4660
24.2170, 141.4179
24.2173, 144.4003
24.2174, 145.4131
24.2186, 152.1589
24.2249, 147.0388
24.2414, 155.1616
24.2739, 146.0146
24.2849, 156.5439
24.2876, 153.9152
24.2985, 157.1480
24.2985, 154.5384
24.3012, 153.3765
24.3033, 137.2499
24.3033, 137.5499
24.3033, 147.3999
24.3033, 147.7499
24.3033, 148.0999
24.3033, 158.2499
24.3033, 158.5499
24.3154, 143.4137
24.3593, 152.6558
24.4447, 146.3644
24.4522, 144.7611
24.4581, 151.5496
24.4595, 142.5499
24.4662, 139.3363
24.5017, 156.9013
24.5017, 157.5513
24.5095, 149.3405
24.5111, 150.2252
24.5115, 150.6653
24.5317, 143.2689
24.5394, 151.2769
24.5492, 149.0515
24.5543, 157.8255
24.6033, 137.2499
24.6033, 137.5499
24.6033, 147.3999
24.6033, 147.7499
24.6033, 148.0999
24.6033, 158.2499
24.6033, 158.5499
24.6042, 153.9390
24.6060, 156.2527
24.6141, 155.6378
24.6240, 141.9176
24.6271, 151.8391
24.6317, 140.7039
24.6442, 141.2121
24.7499, 146.3803
24.7529, 149.4157
24.7529, 149.8563
24.7529, 150.2969
24.7529, 150.7376
24.7529, 151.6189
24.7529, 152.0595
24.7724, 151.1859
24.7945, 144.9054
24.8023, 146.9680
24.8034, 145.7784
24.8237, 155.3085
24.8581, 153.9675
24.8618, 152.7013
24.8679, 153.6751
24.9033, 137.2499
24.9033, 137.5499
24.9033, 147.3999
24.9033, 147.7499
24.9033, 148.0999
24.9033, 158.2499
24.9033, 158.5499
24.9091, 143.4158
24.9242, 154.3319
24.9271, 154.9112
24.9543, 155.8690
24.9546, 142.6044
24.9706, 156.5085
24.9815, 157.8337
24.9924, 157.1534
25.0044, 139.3760
25.0133, 143.9556
25.0669, 144.7428
25.0677, 145.1853
25.0677, 145.6259
25.0677, 146.0666
25.0677, 146.5072
25.0677, 146.9479
25.0693, 144.3027
25.0858, 141.5477
25.0952, 142.7512
25.0971, 152.2084
25.1128, 154.1649
25.1459, 152.4744
25.1517, 154.9513
25.1517, 155.6013
25.1517, 156.2513
25.1517, 156.9013
25.1517, 157.5513
25.1517, 138.1499
25.1517, 138.7999
25.1881, 150.8761
25.1917, 149.6079
25.1917, 150.4289
25.1944, 153.3785
25.1952, 149.9921
25.1952, 151.2831
25.1952, 148.8022
25.1978, 151.7589
25.2033, 137.2499
25.2033, 137.5499
25.2033, 147.3999
25.2033, 147.7499
25.2033, 148.0999
25.2033, 158.2499
25.2033, 158.5499
25.2247, 140.3525
25.3058, 143.5024
25.3259, 140.7336
25.3272, 144.0108
25.4022, 145.8994
25.4038, 144.5760
25.4138, 152.7279
25.4144, 146.8471
25.4153, 145.5096
25.4153, 146.4426
25.4181, 145.0872
25.4245, 147.2171
25.4285, 153.5474
25.4375, 142.5101
25.4596, 141.8955
25.4734, 154.0456
25.4932, 141.1585
25.4964, 155.8738
25.4964, 155.1064
25.4985, 157.6840
25.5000, 148.4288
25.5027, 154.3260
25.5033, 137.2499
25.5033, 137.5499
25.5033, 147.3999
25.5033, 147.7499
25.5033, 148.0999
25.5033, 158.2499
25.5033, 158.5499
25.5166, 141.3628
25.5175, 156.5031
25.5539, 149.0371
25.5562, 143.4588
25.5987, 148.6065
25.5995, 139.4987
25.6263, 143.0514
25.6342, 149.4157
25.6342, 149.8563
25.6342, 150.2969
25.6342, 150.7376
25.6342, 151.1782
25.6342, 151.6189
25.6342, 152.0595
25.6544, 142.6260
25.6618, 157.2867
25.6960, 152.3036
25.7186, 140.3397
25.7924, 157.8146
25.8017, 155.6013
25.8017, 156.2513
25.8017, 156.9013
25.8017, 157.5513
25.8017, 138.1499
25.8017, 138.7999
25.8017, 154.9512
25.8033, 137.2499
25.8033, 137.5499
25.8033, 147.3999
25.8033, 147.7499
25.8033, 148.0999
25.8033, 158.2499
25.8033, 158.5499
25.8268, 144.0473
25.8518, 139.4223
25.8522, 154.5248
25.8545, 144.3379
25.8545, 144.7786
25.8545, 145.2192
25.8545, 145.6599
25.8545, 146.1005
25.8545, 146.5412
25.8545, 146.9818
25.8658, 153.9397
25.8822, 153.4010
25.9374, 139.9598
25.9624, 149.2749
25.9662, 143.4534
26.0454, 152.4629
26.0536, 155.8717
26.0629, 142.8666
26.1033, 137.2499
26.1033, 137.5499
26.1033, 147.3999
26.1033, 147.7499
26.1033, 148.0999
26.1033, 158.2499
26.1033, 158.5499
26.1072, 139.6446
26.1516, 150.7812
26.1538, 151.2274
26.1602, 150.3415
26.1760, 154.7833
26.1788, 155.4526
26.1869, 154.2690
26.2274, 153.5785
26.2359, 156.5139
26.2441, 157.0526
26.2722, 149.9733
26.2824, 152.3744
26.2847, 148.4313
26.2872, 149.0800
26.2880, 145.9084
26.2949, 146.8865
26.2958, 145.5666
26.2958, 146.5190
26.2995, 147.2204
26.3027, 144.0435
26.3420, 157.8364
26.3982, 151.1361
26.4033, 137.2499
26.4033, 137.5499
26.4033, 147.3999
26.4033, 147.7499
26.4033, 148.0999
26.4033, 158.2499
26.4033, 158.5499
26.4125, 152.7114
26.4203, 141.4105
26.4216, 150.6628
26.4255, 151.6588
26.4394, 144.9277
26.4517, 157.5513
26.4517, 138.1499
26.4517, 138.1499
26.4517, 138.7999
26.4517, 156.9012
26.4570, 153.3608
26.4707, 150.3199
26.4725, 142.5780
26.4754, 154.8771
26.4948, 143.1757
26.4958, 139.4631
26.5651, 156.0839
26.5760, 142.7582
26.5760, 142.7582
26.5809, 148.4929
26.5903, 153.0880
26.5942, 153.5706
26.6277, 155.5805
26.6425, 155.8386
26.6506, 149.6830
26.6529, 154.4635
26.6674, 145.2451
26.6909, 155.3187
26.7033, 137.2499
26.7033, 137.5499
26.7033, 147.3999
26.7033, 147.7499
26.7033, 148.0999
26.7033, 158.2499
26.7033, 158.5499
26.7234, 148.9533
26.7234, 148.9533
26.7289, 152.0323
26.7358, 144.3379
26.7358, 145.6599
26.7358, 146.1005
26.7358, 146.5412
26.7358, 146.9818
26.7358, 146.9818
26.7525, 153.9784
26.7836, 152.8928
26.7937, 156.4867
26.8083, 140.5339
26.8270, 140.1082
26.8298, 153.7098
26.8298, 153.7098
26.8400, 157.1724
26.8773, 141.1005
26.9291, 154.6751
26.9532, 150.0052
26.9561, 150.2969
26.9561, 150.7376
26.9561, 151.1782
26.9561, 151.6189
26.9645, 144.9481
26.9687, 141.9440
26.9732, 143.8790
26.9741, 152.1601
26.9925, 156.2958
27.0033, 137.2499
27.0033, 137.5499
27.0033, 147.3999
27.0033, 147.7499
27.0033, 148.0999
27.0033, 158.2499
27.0033, 158.5499
27.0271, 144.5826
27.0293, 152.7966
27.0390, 143.4614
27.0468, 155.0241
27.0523, 149.4412
27.0549, 155.5179
27.0594, 144.1150
27.0740, 156.0268
27.1017, 138.1499
27.1017, 138.1499
27.1017, 156.9012
27.1017, 157.5512
27.1017, 157.5512
27.1205, 143.0388
27.1225, 142.5780
27.1318, 154.4254
27.1359, 139.4571
27.1359, 141.4071
27.1850, 149.7893
27.2020, 151.1023
27.2287, 152.1486
27.2795, 138.7677
27.2795, 138.7677
27.3033, 137.2499
27.3033, 137.5499
27.3033, 147.3999
27.3033, 147.7499
27.3033, 148.0999
27.3033, 158.2499
27.3033, 158.5499
27.3053, 157.8445
27.3089, 142.3309
27.3597, 155.2799
27.3907, 150.9270
27.3941, 150.4563
27.3983, 151.7120
27.4052, 151.2676
27.4078, 145.0186
27.4183, 141.5442
27.4183, 139.5936
27.4190, 155.7016
27.4417, 152.8034
27.4441, 156.1275
27.4486, 146.2134
27.4486, 146.2134
27.4549, 156.5574
27.4563, 145.6611
27.4616, 148.9449
27.4728, 147.1102
27.4732, 143.4608
27.4849, 157.2213
27.4976, 148.3557
27.5665, 155.4336
27.5731, 151.0976
27.5974, 152.1580
27.6033, 137.2499
27.6033, 137.5499
27.6033, 147.3999
27.6033, 147.7499
27.6033, 148.0999
27.6033, 158.2499
27.6033, 158.5499
27.6128, 154.7479
27.6710, 149.3473
27.8533, 137.8499
27.8533, 138.1499
27.8533, 138.4499
27.8533, 138.7499
27.8533, 139.0499
27.8533, 139.3499
27.8533, 139.6499
27.8533, 139.9499
27.8533, 140.2499
27.8533, 140.5499
27.8533, 140.8499
27.8533, 141.1499
27.8533, 141.4499
27.8533, 141.7499
27.8533, 142.0499
27.8533, 142.3499
27.8533, 142.6499
27.8533, 142.9499
27.8533, 143.2499
27.8533, 143.5499
27.8533, 143.8499
27.8533, 144.1499
27.8533, 144.4499
27.8533, 144.7499
27.8533, 145.0499
27.8533, 145.3499
27.8533, 145.6499
27.8533, 145.9499
27.8533, 146.2499
27.8533, 146.5499
27.8533, 146.8499
27.8533, 147.1499
27.8533, 148.3499
27.8533, 148.6499
27.8533, 148.9499
27.8533, 149.2499
27.8533, 149.5499
27.8533, 149.8499
27.8533, 150.1499
27.8533, 150.4499
27.8533, 150.7499
27.8533, 151.0499
27.8533, 151.3499
27.8533, 151.6499
27.8533, 151.9499
27.8533, 152.2499
27.8533, 152.5499
27.8533, 152.8499
27.8533, 153.1499
27.8533, 153.4499
27.8533, 153.7499
27.8533, 154.0499
27.8533, 154.3499
27.8533, 154.6499
27.8533, 154.9499
27.8533, 155.2499
27.8533, 155.5499
27.8533, 155.8499
27.8533, 156.1499
27.8533, 156.4499
27.8533, 156.7499
27.8533, 157.0499
27.8533, 157.3499
27.8533, 157.6499
27.8533, 157.9499
27.9033, 137.2499
27.9033, 137.5499
27.9033, 147.3999
27.9033, 147.7499
27.9033, 148.0999
27.9033, 158.2499
27.9033, 158.5499
28.2033, 137.2499
28.2033, 137.5499
28.2033, 137.8499
28.2033, 138.1499
28.2033, 138.4499
28.2033, 138.7499
28.2033, 139.0499
28.2033, 139.3499
28.2033, 139.6499
28.2033, 139.9499
28.2033, 140.2499
28.2033, 140.5499
28.2033, 140.8499
28.2033, 141.1499
28.2033, 141.4499
28.2033, 141.7499
28.2033, 142.0499
28.2033, 142.3499
28.2033, 142.6499
28.2033, 142.9499
28.2033, 143.2499
28.2033, 143.5499
28.2033, 143.8499
28.2033, 144.1499
28.2033, 144.4499
28.2033, 144.7499
28.2033, 145.0499
28.2033, 145.3499
28.2033, 145.6499
28.2033, 145.9499
28.2033, 146.2499
28.2033, 146.5499
28.2033, 146.8499
28.2033, 147.1499
28.2033, 147.3999
28.2033, 147.7499
28.2033, 148.0999
28.2033, 148.3499
28.2033, 148.6499
28.2033, 148.9499
28.2033, 149.2499
28.2033, 149.5499
28.2033, 149.8499
28.2033, 150.1499
28.2033, 150.4499
28.2033, 150.7499
28.2033, 151.0499
28.2033, 151.3499
28.2033, 151.6499
28.2033, 151.9499
28.2033, 152.2499
28.2033, 152.5499
28.2033, 152.8499
28.2033, 153.1499
28.2033, 153.4499
28.2033, 153.7499
28.2033, 154.0499
28.2033, 154.3499
28.2033, 154.6499
28.2033, 154.9499
28.2033, 155.2499
28.2033, 155.5499
28.2033, 155.8499
28.2033, 156.1499
28.2033, 156.4499
28.2033, 156.7499
28.2033, 157.0499
28.2033, 157.3499
28.2033, 157.6499
28.2033, 157.9499
28.2033, 158.2499
28.2033, 158.5499
28.5033, 137.2499
28.5033, 137.5499
28.5033, 147.3999
28.5033, 147.7499
28.5033, 148.0999
28.5033, 158.2499
28.5033, 158.5499
28.5533, 137.8499
28.5533, 138.1499
28.5533, 138.4499
28.5533, 138.7499
28.5533, 139.0499
28.5533, 139.3499
28.5533, 139.6499
28.5533, 139.9499
28.5533, 140.2499
28.5533, 140.5499
28.5533, 140.8499
28.5533, 141.1499
28.5533, 141.4499
28.5533, 141.7499
28.5533, 142.0499
28.5533, 142.3499
28.5533, 142.6499
28.5533, 142.9499
28.5533, 143.2499
28.5533, 143.5499
28.5533, 143.8499
28.5533, 144.1499
28.5533, 144.4499
28.5533, 144.7499
28.5533, 145.0499
28.5533, 145.3499
28.5533, 145.6499
28.5533, 145.9499
28.5533, 146.2499
28.5533, 146.5499
28.5533, 146.8499
28.5533, 147.1499
28.5533, 148.3499
28.5533, 148.6499
28.5533, 148.9499
28.5533, 149.2499
28.5533, 149.5499
28.5533, 149.8499
28.5533, 150.1499
28.5533, 150.4499
28.5533, 150.7499
28.5533, 151.0499
28.5533, 151.3499
28.5533, 151.6499
28.5533, 151.9499
28.5533, 152.2499
28.5533, 152.5499
28.5533, 152.8499
28.5533, 153.1499
28.5533, 153.4499
28.5533, 153.7499
28.5533, 154.0499
28.5533, 154.3499
28.5533, 154.6499
28.5533, 154.9499
28.5533, 155.2499
28.5533, 155.5499
28.5533, 155.8499
28.5533, 156.1499
28.5533, 156.4499
28.5533, 156.7499
28.5533, 157.0499
28.5533, 157.3499
28.5533, 157.6499
28.5533, 157.9499
28.7192, 144.3222
28.7208, 147.0410
28.7228, 144.7637
28.7228, 145.2047
28.7228, 145.6457
28.7228, 146.0867
28.7228, 146.5277
28.7252, 152.1928
28.7295, 154.9710
28.7593, 150.2041
28.7593, 150.6462
28.7635, 151.5221
28.7656, 151.0842
28.7677, 149.7683
28.8033, 137.2499
28.8033, 137.5499
28.8033, 147.3999
28.8033, 147.7499
28.8033, 148.0999
28.8033, 158.2499
28.8033, 158.5499
28.8192, 148.8002
28.8349, 155.8624
28.8464, 142.7516
28.8664, 154.6588
28.9094, 156.3426
28.9219, 152.8427
28.9352, 157.8309
28.9431, 142.5688
28.9529, 138.1499
28.9529, 138.1499
28.9529, 156.9012
28.9529, 157.5512
28.9529, 157.5512
28.9534, 140.1685
28.9551, 139.8927
28.9939, 143.4022
29.0458, 155.2622
29.0603, 143.9085
29.1027, 139.3901
29.1033, 137.2499
29.1033, 137.5499
29.1033, 147.3999
29.1033, 147.7499
29.1033, 148.0999
29.1033, 158.2499
29.1033, 158.5499
29.1142, 146.5627
29.1149, 152.4764
29.1183, 148.9843
29.1183, 148.9843
29.1476, 147.2180
29.1529, 157.3111
29.1532, 145.5541
29.1583, 146.8477
29.1583, 146.8477
29.1594, 149.4157
29.1594, 149.8563
29.1594, 150.2969
29.1594, 150.7376
29.1594, 151.1782
29.1594, 151.6189
29.1600, 145.1141
29.1609, 145.9631
29.1609, 152.0501
29.1632, 144.6127
29.1828, 156.2826
29.2128, 156.6744
29.3061, 138.8566
29.3144, 141.8703
29.3321, 141.4348
29.3746, 142.3403
29.3937, 143.5127
29.4033, 137.2499
29.4033, 137.5499
29.4033, 147.3999
29.4033, 147.7499
29.4033, 148.0999
29.4033, 158.2499
29.4033, 158.5499
29.4359, 157.8281
29.4912, 156.4067
29.5293, 141.1009
29.5518, 155.2193
29.6000, 146.8893
29.6002, 151.7320
29.6012, 149.1350
29.6012, 149.5499
29.6012, 150.0086
29.6012, 150.4340
29.6012, 144.3222
29.6028, 147.2419
29.6029, 138.1499
29.6029, 156.9012
29.6029, 157.5512
29.6033, 150.8927
29.6033, 151.3181
29.6048, 144.7637
29.6048, 145.2047
29.6048, 145.6457
29.6048, 146.0867
29.6048, 146.5277
29.6061, 148.8645
29.6112, 140.7927
29.6161, 148.4387
29.6389, 143.8190
29.6390, 142.5370
29.6874, 142.8965
29.6985, 155.4252
29.7033, 137.2499
29.7033, 137.5499
29.7033, 147.3999
29.7033, 147.7499
29.7033, 148.0999
29.7033, 158.2499
29.7033, 158.5499
29.7085, 139.6012
29.7107, 152.7112
29.7249, 156.6523
29.7428, 143.4362
29.7527, 139.3901
29.8263, 155.6419
29.8364, 140.3563
29.8922, 155.9574
29.9278, 152.7567
29.9601, 148.7271
29.9884, 150.8043
29.9971, 151.8762
30.0033, 137.2499
30.0033, 137.5499
30.0033, 147.3999
30.0033, 147.7499
30.0033, 148.0999
30.0033, 158.2499
30.0033, 158.5499
30.0239, 142.6821
30.0316, 142.3055
30.0318, 144.1329
30.0349, 146.8801
30.0370, 147.2199
30.0381, 145.0743
30.0381, 146.3713
30.0399, 151.6784
30.0407, 148.9750
30.0407, 149.4157
30.0407, 149.8563
30.0407, 150.2969
30.0407, 151.1782
30.0440, 145.9178
30.0453, 145.5362
30.0474, 144.6625
30.0748, 138.7660
30.0879, 156.3043
30.1209, 143.6139
30.1602, 141.1685
30.1973, 143.2306
30.2133, 152.4277
30.2133, 152.4277
30.2168, 140.2888
30.2481, 151.9209
30.2529, 138.1499
30.2529, 157.5512
30.2740, 140.0411
30.2779, 149.7587
30.3033, 137.2499
30.3033, 137.5499
30.3033, 147.3999
30.3033, 147.7499
30.3033, 148.0999
30.3033, 158.2499
30.3033, 158.5499
30.3457, 151.0769
30.3465, 156.5880
30.3544, 150.6296
30.3644, 146.9738
30.3678, 143.6323
30.3731, 139.3954
30.3766, 151.5229
30.3868, 146.0705
30.3868, 144.7474
30.3868, 145.1884
30.3868, 145.6294
30.3882, 144.3015
30.3897, 146.5097
30.4024, 148.7741
30.4315, 155.9372
30.4719, 150.1881
30.4726, 149.3589
30.4945, 143.3016
30.4976, 141.7612
30.5311, 142.8690
30.5356, 150.9852
30.5356, 150.3910
30.5659, 142.0466
30.6033, 137.2499
30.6033, 137.5499
30.6033, 147.3999
30.6033, 147.7499
30.6033, 148.0999
30.6033, 158.2499
30.6033, 158.5499
30.6083, 144.4361
30.6360, 147.2285
30.6466, 146.2856
30.7032, 141.3484
30.7368, 145.2918
30.7792, 146.5337
30.8085, 152.1287
30.8181, 142.4026
30.8206, 147.0546
30.8401, 156.2912
30.8413, 144.3428
30.8413, 146.0642
30.8484, 148.8505
30.8779, 149.3835
30.8798, 144.7531
30.8798, 145.6539
30.8842, 151.3251
30.8881, 150.1016
30.8982, 148.6039
30.9029, 138.1499
30.9029, 138.7999
30.9029, 156.9012
30.9029, 157.5512
30.9033, 137.2499
30.9033, 137.5499
30.9033, 147.3999
30.9033, 147.7499
30.9033, 148.0999
30.9033, 158.2499
30.9033, 158.5499
30.9506, 151.0806
30.9672, 149.8313
30.9928, 142.2716
31.0121, 139.5974
31.0527, 139.3901
31.0819, 145.1797
31.0876, 150.3061
31.1079, 156.2889
31.1724, 150.7909
31.1744, 141.7695
31.1951, 156.9577
31.1963, 150.5349
31.2033, 137.2499
31.2033, 137.5499
31.2033, 147.3999
31.2033, 147.7499
31.2033, 148.0999
31.2033, 158.2499
31.2033, 158.5499
31.2156, 151.6457
31.2675, 142.5099
31.2947, 140.3273
31.3062, 141.2608
31.3270, 149.8540
31.3875, 148.2214
31.4033, 143.1237
31.4362, 142.1128
31.4390, 150.6266
31.4428, 141.6098
31.4655, 157.6870
31.4726, 156.7692
31.4901, 156.2913
31.4915, 152.4206
31.5033, 137.2499
31.5033, 137.5499
31.5033, 147.3999
31.5033, 147.7499
31.5033, 148.0999
31.5033, 158.2499
31.5033, 158.5499
31.5172, 148.8118
31.5238, 144.6172
31.5238, 146.4658
31.5302, 147.1852
31.5367, 154.4487
31.5474, 143.3452
31.5529, 138.1499
31.5529, 138.7999
31.5797, 157.1404
31.5846, 157.4295
31.6535, 139.6012
31.7027, 139.3901
31.7027, 140.6901
31.7405, 152.4704
31.7415, 146.8223
31.7800, 145.1807
31.7813, 140.3290
31.7892, 156.3494
31.8033, 137.2499
31.8033, 137.5499
31.8033, 147.3999
31.8033, 147.7499
31.8033, 148.0999
31.8033, 158.2499
31.8033, 158.5499
31.8034, 156.9577
31.8068, 142.3047
31.8101, 141.8580
31.8168, 141.3351
31.8168, 142.8639
31.8650, 154.8801
31.8739, 144.6107
31.8797, 153.1817
31.8862, 154.6276
31.9016, 146.4808
31.9209, 147.2023
31.9260, 143.6167
31.9276, 143.2908
31.9315, 157.6799
32.0186, 148.6625
32.0947, 141.5866
32.0980, 142.1061
32.1033, 137.2499
32.1033, 137.5499
32.1033, 147.3999
32.1033, 147.7499
32.1033, 148.0999
32.1033, 158.2499
32.1033, 158.5499
32.1415, 152.4207
32.1599, 144.1539
32.2029, 138.1499
32.2029, 138.7999
32.2029, 143.3499
32.2297, 157.1404
32.2303, 157.6835
32.2346, 157.4295
32.2347, 150.6153
32.2458, 144.6071
32.2458, 145.9071
32.2597, 143.5720
32.2617, 147.0884
32.2617, 148.3883
32.2617, 149.6883
32.2644, 145.2422
32.2667, 145.6311
32.2709, 144.9267
32.2743, 146.5956
32.2796, 156.2649
32.3602, 156.7727
32.3991, 142.8622
32.4033, 137.2499
32.4033, 137.5499
32.4033, 147.3999
32.4033, 147.7499
32.4033, 148.0999
32.4033, 158.2499
32.4033, 158.5499
32.4076, 144.0216
32.4620, 141.3401
32.4845, 139.5041
32.4852, 142.2153
32.5109, 157.6206
32.5227, 140.0642
32.5311, 155.0100
32.5590, 141.8643
32.5783, 146.5235
32.6511, 141.0763
32.6552, 144.1795
32.6673, 138.7710
32.7033, 137.2499
32.7033, 137.5499
32.7033, 147.3999
32.7033, 147.7499
32.7033, 148.0999
32.7033, 158.2499
32.7033, 158.5499
32.7035, 156.7852
32.7053, 157.1694
32.7901, 156.2913
32.7916, 142.6003
32.7968, 154.3607
32.8267, 157.6122
32.8327, 154.9310
32.8488, 141.5466
32.8529, 138.1499
32.8718, 150.0015
32.8766, 145.2455
32.8930, 151.2129
32.8930, 151.8629
32.8958, 144.6071
32.8958, 145.9071
32.9023, 143.3005
32.9023, 143.3005
32.9073, 150.8585
32.9117, 147.0884
32.9117, 148.3884
32.9117, 149.0384
32.9117, 149.0384
32.9229, 146.6088
32.9757, 139.4503
32.9757, 139.4503
33.0023, 157.8187
33.0033, 137.2499
33.0033, 137.5499
33.0033, 147.3999
33.0033, 147.7499
33.0033, 148.0999
33.0033, 158.2499
33.0033, 158.5499
33.0042, 153.6526
33.0042, 153.6526
33.0145, 150.4600
33.0338, 142.0718
33.1035, 145.0804
33.1204, 156.7757
33.1504, 146.7369
33.1553, 141.0175
33.2255, 139.4397
33.3033, 137.2499
33.3033, 137.5499
33.3033, 147.3999
33.3033, 147.7499
33.3033, 148.0999
33.3033, 158.2499
33.3033, 158.5499
33.3097, 154.8713
33.3273, 143.0101
33.3273, 143.0101
33.3410, 154.5964
33.4008, 157.6443
33.4043, 157.1392
33.4401, 156.2913
33.4755, 152.9742
33.4796, 151.0147
33.5029, 138.1499
33.5029, 138.7999
33.5029, 140.7499
33.5029, 143.3499
33.5048, 156.8531
33.5430, 151.8629
33.5458, 145.9071
33.5523, 146.5506
33.5523, 146.5506
33.5523, 144.6005
33.5523, 145.2505
33.5617, 148.3884
33.5648, 147.0952
33.5892, 149.2897
33.5987, 141.9903
33.6033, 137.2499
33.6033, 137.5499
33.6033, 147.3999
33.6033, 147.7499
33.6033, 148.0999
33.6033, 158.2499
33.6033, 158.5499
33.6053, 142.5959
33.6212, 139.3363
33.6504, 154.2446
33.6666, 156.5785
33.7173, 151.2525
33.7518, 139.6173
33.7526, 141.2172
33.8153, 155.0350
33.8277, 157.3953
33.8277, 157.3953
33.8370, 149.3442
33.8508, 142.8214
33.8644, 143.1935
33.8717, 141.6065
33.8849, 142.4106
33.9033, 137.2499
33.9033, 137.5499
33.9033, 147.3999
33.9033, 147.7499
33.9033, 148.0999
33.9033, 158.2499
33.9033, 158.5499
33.9454, 153.5007
33.9610, 140.0843
33.9913, 156.6996
34.0127, 157.0253
34.0305, 157.7368
34.0340, 141.8575
34.0624, 140.7248
34.0681, 151.1996
34.0979, 153.0634
34.1087, 156.2818
34.1331, 142.6257
34.1447, 143.1121
34.1529, 138.1499
34.1529, 138.7999
34.1844, 154.0900
34.1869, 145.8841
34.1958, 144.6071
34.1958, 145.2571
34.1958, 146.5571
34.1995, 154.9003
34.2023, 147.2005
34.2033, 137.2499
34.2033, 137.5499
34.2033, 147.3999
34.2033, 147.7499
34.2033, 148.0999
34.2033, 158.2499
34.2033, 158.5499
34.2117, 148.3884
34.2117, 152.2884
34.2801, 153.6432
34.2838, 150.3399
34.3026, 142.2326
34.3228, 155.7983
34.3383, 140.1273
34.3529, 141.9035
34.3581, 139.6773
34.3898, 156.6233
34.3933, 157.0147
34.4078, 141.0241
34.4675, 150.9996
34.4814, 144.2296
34.4912, 154.4811
34.5002, 157.6089
34.5033, 137.2499
34.5033, 137.5499
34.5033, 147.3999
34.5033, 147.7499
34.5033, 148.0999
34.5033, 158.2499
34.5033, 158.5499
34.5583, 155.2763
34.5679, 155.0261
34.5854, 142.6032
34.5894, 144.7556
34.6178, 154.0064
34.6658, 142.2355
34.6754, 156.5246
34.7011, 155.7819
34.7046, 155.4849
34.7177, 144.5402
34.7598, 157.7653
34.7619, 153.0590
34.7697, 141.3678
34.7704, 157.1321
34.7704, 157.4380
34.7817, 139.8262
34.7952, 149.6973
34.7955, 156.1618
34.8029, 138.1499
34.8029, 138.7999
34.8029, 139.4499
34.8029, 140.0999
34.8029, 140.7499
34.8033, 137.2499
34.8033, 137.5499
34.8033, 147.3999
34.8033, 147.7499
34.8033, 148.0999
34.8033, 158.2499
34.8033, 158.5499
34.8035, 150.3809
34.8148, 140.4549
34.8153, 151.4697
34.8235, 156.8640
34.8247, 141.1002
34.8425, 146.1161
34.8454, 145.8510
34.8523, 145.2505
34.8523, 146.5505
34.8523, 147.2005
34.8617, 148.3883
34.8649, 149.1259
34.9004, 142.3264
34.9222, 141.8947
34.9590, 156.3832
34.9608, 155.1611
34.9679, 155.5133
34.9715, 155.7944
34.9877, 143.8061
35.0296, 142.9178
35.0375, 144.3418
35.0555, 150.3959
35.0588, 145.5201
35.1033, 137.2499
35.1033, 137.5499
35.1033, 147.3999
35.1033, 147.7499
35.1033, 148.0999
35.1033, 158.2499
35.1033, 158.5499
35.1139, 150.0799
35.1523, 141.4245
35.1527, 146.5618
35.1757, 156.7960
35.2080, 157.0787
35.2116, 157.6799
35.2129, 141.9366
35.2151, 157.4131
35.3012, 139.8461
35.3045, 140.6237
35.3119, 144.2164
35.3183, 155.5969
35.3219, 144.8103
35.3252, 145.2504
35.3285, 145.7038
35.3384, 146.3506
35.3406, 141.0541
35.3450, 146.9860
35.3980, 143.8028
35.3993, 156.6304
35.4033, 137.2499
35.4033, 137.5499
35.4033, 147.3999
35.4033, 147.7499
35.4033, 148.0999
35.4033, 158.2499
35.4033, 158.5499
35.4331, 151.7121
35.4433, 150.2763
35.4529, 138.1499
35.4529, 138.7999
35.4529, 139.4499
35.4529, 140.0999
35.4542, 153.6812
35.4763, 155.2364
35.4780, 142.8799
35.4833, 156.1519
35.4993, 154.8100
35.5047, 142.1928
35.5270, 143.2667
35.5568, 146.6815
35.5656, 156.3814
35.5924, 141.4443
35.6023, 144.9259
35.6314, 155.6218
35.6421, 145.9876
35.6576, 149.1213
35.6776, 157.0573
35.6812, 157.4558
35.6863, 145.2585
35.7033, 137.2499
35.7033, 137.5499
35.7033, 147.3999
35.7033, 147.7499
35.7033, 148.0999
35.7033, 158.2499
35.7033, 158.5499
35.7838, 144.2946
35.7943, 140.6171
35.8007, 154.0352
35.8017, 146.3771
35.8215, 146.9860
35.8715, 155.2020
35.8893, 154.9317
35.8993, 156.8173
35.9009, 143.8094
35.9127, 150.8160
35.9255, 143.4409
35.9542, 144.9556
35.9658, 155.4938
35.9724, 145.2549
35.9893, 156.5104
35.9958, 145.9817
35.9990, 151.3332
36.0033, 137.2499
36.0033, 137.5499
36.0033, 147.3999
36.0033, 147.7499
36.0033, 148.0999
36.0033, 158.2499
36.0033, 158.5499
36.0302, 144.3591
36.0597, 141.3999
36.0668, 142.7396
36.0843, 149.1094
36.1029, 138.7999
36.1029, 139.4499
36.1107, 138.1956
36.1155, 147.1617
36.1175, 140.9616
36.1543, 156.9648
36.1757, 157.5981
36.1822, 143.2369
36.1987, 146.6882
36.2112, 139.0883
36.2166, 154.8730
36.2219, 155.1451
36.2252, 145.3629
36.2278, 139.7534
36.2291, 155.7428
36.2417, 144.9278
36.2476, 140.2729
36.2542, 156.2526
36.2704, 146.2454
36.3033, 137.2499
36.3033, 137.5499
36.3033, 147.3999
36.3033, 147.7499
36.3033, 148.0999
36.3033, 158.2499
36.3033, 158.5499
36.3443, 147.0058
36.4237, 142.8730
36.4304, 144.1006
36.4436, 143.7201
36.4522, 146.0526
36.4759, 157.2964
36.4866, 141.8803
36.5090, 138.5952
36.5275, 146.6045
36.5830, 156.3796
36.6033, 137.2499
36.6033, 137.5499
36.6033, 147.3999
36.6033, 147.7499
36.6033, 148.0999
36.6033, 158.2499
36.6033, 158.5499
36.6346, 156.8652
36.7311, 139.4963
36.7529, 138.1499
36.7529, 138.7999
36.7529, 140.0999
36.7529, 140.7499
36.7556, 157.8044
36.7671, 139.7865
36.7876, 157.1321
36.7958, 142.6571
36.7958, 143.3071
36.7958, 144.6071
36.7958, 145.2571
36.7958, 147.2071
36.7966, 154.2464
36.7993, 149.0185
36.8051, 141.4473
36.8117, 150.3384
36.8117, 150.9884
36.8117, 152.2884
36.8117, 152.9384
36.8117, 154.8884
36.8117, 155.5384
36.8117, 148.3883
36.8193, 151.6264
36.8404, 156.1946
36.8466, 153.6641
36.8638, 156.4744
36.8704, 145.9867
36.9033, 137.2499
36.9033, 137.5499
36.9033, 147.3999
36.9033, 147.7499
36.9033, 148.0999
36.9033, 158.2499
36.9033, 158.5499
36.9094, 139.0651
36.9145, 146.5599
36.9399, 143.7333
36.9399, 144.1171
36.9789, 138.3636
37.0188, 149.2982
37.0295, 148.5938
37.1573, 154.2712
37.1649, 141.4369
37.2033, 137.2499
37.2033, 137.5499
37.2033, 147.3999
37.2033, 147.7499
37.2033, 148.0999
37.2033, 158.2499
37.2033, 158.5499
37.2841, 146.7808
37.3072, 144.0923
37.3072, 145.9834
37.3152, 151.9579
37.3254, 157.5741
37.3304, 143.3081
37.3337, 147.2110
37.3502, 144.6995
37.3502, 145.3745
37.3602, 142.0358
37.3691, 150.3055
37.3691, 150.9555
37.3691, 151.6055
37.3691, 155.1457
37.3691, 155.7957
37.3691, 156.4457
37.3691, 148.3554
37.3691, 149.0054
37.3694, 138.5853
37.3701, 142.5950
37.3800, 149.6216
37.3957, 153.8462
37.3990, 149.3593
37.4029, 138.1499
37.4029, 139.4499
37.4029, 140.0999
37.4029, 140.7499
37.4032, 150.0307
37.4032, 150.6807
37.4032, 151.3307
37.4032, 155.4205
37.4032, 156.0705
37.4032, 148.7306
37.4032, 148.7306
37.4110, 156.7149
37.4116, 153.5959
37.4356, 139.8030
37.4379, 138.9303
37.4914, 154.4957
37.5033, 137.2499
37.5033, 137.5499
37.5033, 147.3999
37.5033, 147.7499
37.5033, 148.0999
37.5033, 158.2499
37.5033, 158.5499
37.5436, 143.0439
37.5437, 142.3249
37.5838, 143.3037
37.5918, 157.0783
37.6132, 152.7049
37.6135, 145.2706
37.6201, 151.1073
37.6294, 146.5630
37.6294, 146.5630
37.6363, 141.3585
37.6363, 142.6585
37.6363, 142.6585
37.6363, 143.9585
37.6363, 144.6085
37.6363, 145.9085
37.6363, 147.2085
37.6401, 152.0752
37.6440, 140.8983
37.6539, 150.5915
37.6540, 139.5549
37.6540, 140.2464
37.6556, 148.2950
37.6639, 138.7177
37.6663, 148.8891
37.6663, 149.4334
37.6738, 138.2676
37.7392, 151.4560
37.7713, 153.3984
37.7713, 153.3984
37.7713, 154.8819
37.7730, 156.1217
37.7802, 155.4955
37.8033, 137.2499
37.8033, 137.5499
37.8033, 147.3999
37.8033, 147.7499
37.8033, 148.0999
37.8033, 158.2499
37.8033, 158.5499
37.8510, 142.3261
37.9053, 152.6791
37.9173, 143.3093
37.9224, 141.3549
37.9224, 142.6549
37.9224, 143.9549
37.9224, 144.6049
37.9224, 145.2549
37.9224, 145.9049
37.9224, 147.2049
37.9356, 146.5266
38.0025, 148.5778
38.0096, 149.1505
38.0529, 156.9013
38.0529, 138.1499
38.0529, 138.1499
38.0529, 138.7999
38.0529, 139.4499
38.0529, 140.0999
38.0529, 140.7499
38.1033, 137.2499
38.1033, 137.5499
38.1033, 147.3999
38.1033, 147.7499
38.1033, 148.0999
38.1033, 158.2499
38.1033, 158.5499
38.1117, 157.4884
38.1117, 157.4884
38.1245, 141.7380
38.1411, 142.3047
38.1584, 146.2288
38.1605, 144.9544
38.1626, 144.2905
38.1690, 145.5863
38.1715, 149.4370
38.1786, 148.2665
38.1786, 148.8642
38.1808, 143.9202
38.1808, 147.1977
38.1841, 142.8109
38.1875, 150.6057
38.1891, 144.6135
38.1893, 151.2781
38.1964, 153.7790
38.1973, 145.2521
38.1982, 154.5581
38.2006, 143.3271
38.2017, 151.9006
38.2071, 152.5197
38.2089, 153.1440
38.2106, 145.8907
38.2139, 146.5326
38.4033, 137.2499
38.4033, 137.5499
38.4033, 147.3999
38.4033, 147.7499
38.4033, 148.0999
38.4033, 158.2499
38.4033, 158.5499
38.7033, 137.2499
38.7033, 137.5499
38.7033, 137.8499
38.7033, 138.1499
38.7033, 138.4499
38.7033, 138.7499
38.7033, 139.0499
38.7033, 139.3499
38.7033, 139.6499
38.7033, 139.9499
38.7033, 140.2499
38.7033, 140.5499
38.7033, 140.8499
38.7033, 141.1499
38.7033, 141.4499
38.7033, 141.7499
38.7033, 142.0499
38.7033, 142.3499
38.7033, 142.6499
38.7033, 142.9499
38.7033, 143.2499
38.7033, 143.5499
38.7033, 143.8499
38.7033, 144.1499
38.7033, 144.4499
38.7033, 144.7499
38.7033, 145.0499
38.7033, 145.3499
38.7033, 145.6499
38.7033, 145.9499
38.7033, 146.2499
38.7033, 146.5499
38.7033, 146.8499
38.7033, 147.1499
38.7033, 147.4499
38.7033, 147.7499
38.7033, 148.0499
38.7033, 148.3499
38.7033, 148.6499
38.7033, 148.9499
38.7033, 149.2499
38.7033, 149.5499
38.7033, 149.8499
38.7033, 150.1499
38.7033, 150.4499
38.7033, 150.7499
38.7033, 151.0499
38.7033, 151.3499
38.7033, 151.6499
38.7033, 151.9499
38.7033, 152.2499
38.7033, 152.5499
38.7033, 152.8499
38.7033, 153.1499
38.7033, 153.4499
38.7033, 153.7499
38.7033, 154.0499
38.7033, 154.3499
38.7033, 154.6499
38.7033, 154.9499
38.7033, 155.2499
38.7033, 155.5499
38.7033, 155.8499
38.7033, 156.1499
38.7033, 156.4499
38.7033, 156.7499
38.7033, 157.0499
38.7033, 157.3499
38.7033, 157.6499
38.7033, 157.9499
38.7033, 158.2499
38.7033, 158.5499
39.0033, 137.2499
39.0033, 137.5499
39.0033, 137.8499
39.0033, 138.1499
39.0033, 138.4499
39.0033, 138.7499
39.0033, 139.0499
39.0033, 139.3499
39.0033, 139.6499
39.0033, 139.9499
39.0033, 140.2499
39.0033, 140.5499
39.0033, 140.8499
39.0033, 141.1499
39.0033, 141.4499
39.0033, 141.7499
39.0033, 142.0499
39.0033, 142.3499
39.0033, 142.6499
39.0033, 142.9499
39.0033, 143.2499
39.0033, 143.5499
39.0033, 143.8499
39.0033, 144.1499
39.0033, 144.4499
39.0033, 144.7499
39.0033, 145.0499
39.0033, 145.3499
39.0033, 145.6499
39.0033, 145.9499
39.0033, 146.2499
39.0033, 146.5499
39.0033, 146.8499
39.0033, 147.1499
39.0033, 147.4499
39.0033, 147.7499
39.0033, 148.0499
39.0033, 148.3499
39.0033, 148.6499
39.0033, 148.9499
39.0033, 149.2499
39.0033, 149.5499
39.0033, 149.8499
39.0033, 150.1499
39.0033, 150.4499
39.0033, 150.7499
39.0033, 151.0499
39.0033, 151.3499
39.0033, 151.6499
39.0033, 151.9499
39.0033, 152.2499
39.0033, 152.5499
39.0033, 152.8499
39.0033, 153.1499
39.0033, 153.4499
39.0033, 153.7499
39.0033, 154.0499
39.0033, 154.3499
39.0033, 154.6499
39.0033, 154.9499
39.0033, 155.2499
39.0033, 155.5499
39.0033, 155.8499
39.0033, 156.1499
39.0033, 156.4499
39.0033, 156.7499
39.0033, 157.0499
39.0033, 157.3499
39.0033, 157.6499
39.0033, 157.9499
39.0033, 158.2499
39.0033, 158.5499
