0.4712, 30.7008
0.4732, 29.9047
0.4950, 27.9022
0.4958, 26.1297
0.5884, 17.5547
0.5938, 3.9668
0.6246, 15.7815
0.6306, 29.2556
0.6307, 24.2315
0.6367, 22.6151
0.6427, 20.9383
0.6457, 5.2055
0.6968, 18.9333
0.6968, 23.7900
0.7000, 19.9000
0.7000, 25.5000
0.7000, 31.1000
0.7000, 31.9000
0.7000, 32.7000
0.7160, 20.4306
0.7211, 11.7767
0.7352, 13.4816
0.7352, 9.4695
0.7352, 22.1007
0.7513, 3.1513
0.7513, 6.3513
0.7513, 7.1513
0.7513, 27.0487
0.7513, 28.6487
0.7544, 5.5823
0.7725, 2.3000
0.7725, 4.7000
0.7725, 8.7000
0.7725, 10.3000
0.7725, 11.1000
0.7725, 12.7000
0.7725, 14.3000
0.7725, 15.1000
0.7725, 16.7000
0.7725, 18.3000
0.7725, 21.5000
0.7725, 24.7000
0.7725, 30.3000
0.7725, 23.1000
0.8511, 3.6204
0.8511, 7.6204
0.8710, 4.3164
0.8710, 8.3164
0.8710, 12.3164
0.8710, 16.3164
1.0718, 18.5592
1.0718, 24.9592
1.0718, 10.0408
1.0718, 10.8408
1.0718, 14.8408
1.0718, 21.7592
1.0718, 23.3592
1.0718, 14.0408
1.1599, 6.4042
1.1903, 27.4479
1.2553, 26.7444
1.3291, 4.3279
1.3291, 8.3279
1.3291, 12.3279
1.3291, 16.3279
1.4275, 2.3000
1.4275, 4.7000
1.4275, 8.7000
1.4275, 12.7000
1.4275, 16.7000
1.4275, 30.3000
1.5000, 25.5000
1.5000, 31.1000
1.5000, 31.9000
1.5000, 32.7000
1.5513, 5.5513
1.5513, 6.3513
1.5513, 26.2487
1.5513, 27.0487
1.5513, 27.8487
1.5513, 28.6487
1.5725, 19.9000
1.5725, 23.9000
1.5725, 11.9000
1.5725, 15.9000
1.5725, 3.1000
1.5725, 3.9000
1.5725, 7.1000
1.5725, 7.9000
1.5725, 9.5000
1.5725, 10.3000
1.5725, 11.1000
1.5725, 13.5000
1.5725, 14.3000
1.5725, 15.1000
1.5725, 18.3000
1.5725, 19.1000
1.5725, 21.5000
1.5725, 22.3000
1.5725, 24.7000
1.5725, 17.5000
1.5725, 20.7000
1.5725, 23.1000
1.6560, 20.2842
1.7572, 3.5620
1.7572, 7.5620
1.7901, 11.5802
1.7922, 15.5851
1.7955, 19.4367
1.8718, 18.5592
1.8718, 24.9592
1.8718, 9.7592
1.8718, 10.5592
1.8718, 17.7592
1.8718, 20.9592
1.8718, 21.7592
1.8718, 23.3592
1.8718, 13.7592
1.8950, 12.9177
1.9121, 8.9294
1.9360, 16.9150
1.9374, 4.9593
1.9475, 14.5259
1.9599, 6.4042
1.9706, 30.3000
1.9794, 28.0667
1.9897, 5.6875
2.0305, 27.5132
2.0662, 25.8992
2.0690, 26.7691
2.1250, 20.2917
2.1753, 23.9000
2.1753, 3.1000
2.1753, 7.1000
2.1753, 11.1000
2.1753, 15.1000
2.1753, 22.3000
2.2275, 19.9000
2.2275, 11.9000
2.2275, 15.9000
2.2275, 7.9000
2.2275, 19.1000
2.2275, 3.9000
2.2466, 12.2919
2.2508, 16.3054
2.2572, 4.3315
2.2572, 8.3315
2.3000, 25.5000
2.3000, 31.1000
2.3000, 31.9000
2.3000, 32.9222
2.3513, 29.4487
2.3513, 5.5513
2.3513, 6.3513
2.3513, 17.5513
2.3513, 26.2487
2.3513, 27.0487
2.3513, 27.8487
2.3513, 28.6487
2.3513, 30.2487
2.3725, 2.3000
2.3725, 9.5000
2.3725, 10.3000
2.3725, 13.5000
2.3725, 14.3000
2.3725, 18.3000
2.3725, 21.5000
2.3725, 24.7000
2.3725, 23.1000
2.5599, 18.9122
2.6718, 24.9592
2.6718, 2.0408
2.6718, 9.7592
2.6718, 21.7592
2.6718, 23.3592
2.6718, 13.7592
2.6719, 20.4594
2.7282, 24.1592
2.7357, 17.5507
2.7599, 6.4042
2.7708, 3.0812
2.7802, 5.6799
2.7891, 27.2571
2.8146, 30.6074
2.8496, 25.9624
2.9093, 4.3485
2.9753, 10.3000
2.9753, 14.3000
2.9753, 18.3000
3.0275, 23.9000
3.1000, 25.5000
3.1000, 27.9000
3.1000, 31.1000
3.1000, 31.9000
3.1000, 32.9222
3.1000, 34.2275
3.1000, 33.5725
3.1513, 3.1513
3.1513, 3.8487
3.1513, 4.6487
3.1513, 5.5513
3.1513, 7.1513
3.1513, 7.9513
3.1513, 8.6487
3.1513, 11.9513
3.1513, 12.6487
3.1513, 16.6487
3.1513, 26.2487
3.1513, 27.0487
3.1513, 30.2487
3.1513, 11.1513
3.1578, 0.5824
3.1725, 19.9000
3.1725, 15.9000
3.1725, 1.5000
3.1725, 2.3000
3.1725, 9.5000
3.1725, 13.5000
3.1725, 15.1000
3.1725, 19.1000
3.1725, 21.5000
3.1725, 22.3000
3.1725, 24.7000
3.1725, 17.5000
3.1725, 20.7000
3.1725, 23.1000
3.4093, 1.1904
3.4264, 2.0136
3.4718, 20.1592
3.4718, 24.9592
3.4718, 9.7592
3.4718, 21.7592
3.4718, 23.3592
3.4718, 15.6408
3.4718, 22.5592
3.4949, 27.2320
3.4982, -0.0993
3.4982, 35.1276
3.4993, 33.2678
3.4999, 34.5302
3.5282, 24.1592
3.5304, 33.8983
3.5347, 3.8664
3.5425, 11.9551
3.5425, 11.1551
3.5599, 8.0042
3.5599, 4.5958
3.5599, 8.5958
3.5599, 12.5958
3.5599, 16.5958
3.5632, 7.1892
3.5708, 3.0812
3.5973, 5.6799
3.6130, 14.9336
3.6220, 26.0393
3.6249, 30.0545
3.6266, 29.5081
3.7753, 13.5000
3.7753, 19.1000
3.7753, 17.5000
3.7753, 20.7000
3.8275, 23.9000
3.9000, 3.9725
3.9000, 25.5000
3.9000, 32.9222
3.9000, 34.2275
3.9000, 33.5725
3.9336, 1.1347
3.9336, 1.9347
3.9513, 0.7513
3.9513, 1.5513
3.9513, 3.1513
3.9513, 6.3513
3.9513, 7.1513
3.9513, 7.9513
3.9513, 8.6487
3.9513, 12.6487
3.9513, 16.6487
3.9513, 21.4487
3.9513, 22.2487
3.9513, 23.0487
3.9513, 26.2487
3.9513, 28.6487
3.9513, 31.0487
3.9513, 11.1513
3.9513, 15.1513
3.9513, 31.8487
3.9725, 4.7000
3.9725, 10.3000
3.9725, 11.9000
3.9725, 15.9000
3.9725, 19.9000
3.9725, 14.3000
3.9725, 18.3000
4.0247, 9.5000
4.1799, 29.0608
4.2066, 5.7080
4.2982, -0.0993
4.2982, 35.1276
4.2993, 33.2678
4.3053, 34.5256
4.3282, 20.4408
4.3282, 23.6408
4.3359, 13.7165
4.3425, 7.1551
4.3425, 11.1551
4.3599, 21.3958
4.3599, 8.0042
4.3599, 8.5958
4.3599, 12.5958
4.3599, 15.2042
4.3599, 22.1958
4.3599, 22.9958
4.3599, 16.5958
4.3614, 6.3646
4.4164, 26.8530
4.5531, 15.8223
4.5753, 19.9000
4.5753, 10.3000
4.5753, 11.9000
4.5753, 14.3000
4.5753, 18.3000
4.6275, 23.9000
4.6275, 9.5000
4.6275, 20.7000
4.6487, 3.1513
4.6487, 4.7513
4.6487, 5.5513
4.6594, 3.6469
4.6905, 1.1596
4.7000, 13.5725
4.7000, 25.5000
4.7000, 26.3000
4.7000, 27.9000
4.7000, 32.7000
4.7000, 33.5000
4.7000, 34.3000
4.7132, 1.9691
4.7513, 0.7513
4.7513, 1.5513
4.7513, 2.3513
4.7513, 7.1513
4.7513, 8.7513
4.7513, 16.6487
4.7513, 22.2487
4.7513, 11.1513
4.7725, 12.7000
4.7725, 15.1000
4.7725, 19.1000
4.7725, 17.5000
4.9925, 31.3208
4.9925, 32.1208
5.0718, 19.3592
5.0982, -0.0993
5.0982, 35.1276
5.1172, 12.9430
5.1218, 7.4804
5.1394, 11.1672
5.1599, 16.5958
5.1671, 21.1302
5.1707, 15.3037
5.1731, 10.3506
5.2592, 30.8317
5.3753, 17.4768
5.5000, 11.9000
5.5000, 15.9000
5.5000, 5.5000
5.5000, 7.9000
5.5000, 8.7000
5.5000, 9.5000
5.5000, 12.7000
5.5000, 14.3000
5.5000, 15.1000
5.5000, 18.3000
5.5000, 19.1000
5.5000, 21.5000
5.5000, 22.3000
5.5000, 31.9000
5.5000, 20.7000
5.5000, 27.1000
5.5150, 11.1000
5.5165, 31.1220
5.5488, 23.5352
5.5513, 33.4487
5.5513, 1.5513
5.5513, 2.3513
5.5513, 3.9513
5.5513, 32.6487
5.5513, 34.2487
5.5681, 2.7862
5.5814, 24.1139
5.5845, 25.4129
5.5854, 23.1547
5.5982, 30.4442
5.6015, 0.6104
5.6042, 1.9599
5.6543, 13.5103
5.7067, 26.2083
5.7440, 18.7629
5.7467, 12.2417
5.7918, 16.6091
5.8389, 8.3040
5.8982, -0.0993
5.8982, 35.1276
5.9356, 33.0105
5.9925, 27.9032
6.0460, 20.1305
6.0493, 4.3597
6.0525, 24.1308
6.0702, 25.4141
6.0907, 33.4303
6.2300, 23.0912
6.3000, 3.8275
6.3000, 5.5000
6.3000, 30.3000
6.3041, 8.8044
6.3266, 34.4742
6.3513, 0.7513
6.3513, 2.3513
6.3513, 3.1513
6.3513, 4.7513
6.3513, 31.0487
6.3513, 32.6487
6.3513, 31.8487
6.4042, 2.7599
6.4047, 15.8247
6.4154, 1.2050
6.4164, 1.9743
6.5092, 15.1091
6.5804, 22.7725
6.6179, 26.5326
6.6334, 27.3086
6.6961, 24.1374
6.6982, -0.0993
6.6982, 35.1276
6.7125, 25.4184
6.7911, 5.9216
6.8689, 31.4525
6.9333, 13.2062
7.0189, 22.2931
7.1000, 5.5000
7.1000, 29.5000
7.1000, 30.3000
7.1000, 31.9000
7.1492, 1.1445
7.1492, 1.9445
7.1492, 2.7445
7.1513, 33.4487
7.1513, 0.7513
7.1513, 1.5513
7.1513, 2.3513
7.1513, 3.9513
7.1513, 31.0487
7.1513, 32.6487
7.1513, 34.2487
7.1828, 24.1404
7.1982, 25.4195
7.2279, 22.8415
7.2506, 3.5821
7.3554, 21.9461
7.4905, 27.5943
7.4982, -0.0993
7.4982, 35.1276
7.5156, 31.4005
7.5245, 6.6428
7.6103, 32.4427
7.6181, 13.8941
7.6698, 33.4915
7.7001, 34.0787
7.8303, 26.5480
7.8749, 6.9923
7.9000, 29.5000
7.9000, 30.3000
7.9000, 23.1000
7.9492, 1.1445
7.9492, 1.9445
7.9492, 2.7445
7.9492, 3.5445
7.9513, 0.7513
7.9513, 2.3513
7.9513, 31.0487
7.9513, 32.6487
7.9513, 1.5513
7.9513, 3.1513
7.9513, 31.8487
7.9844, 4.1584
8.0613, 34.3582
8.2738, 32.1595
8.2921, 7.4265
8.2982, -0.0993
8.2982, 35.1276
8.3708, 24.5867
8.4094, 21.9304
8.4403, 25.8839
8.7000, 5.5000
8.7000, 23.1000
8.7000, 29.5000
8.7000, 30.3000
8.7000, 31.1000
8.7492, 1.1445
8.7492, 2.7445
8.7492, 3.5445
8.7492, 4.3445
8.7513, 33.4487
8.7513, 0.7513
8.7513, 2.3513
8.7513, 3.1513
8.7513, 3.9513
8.7513, 31.8487
8.7513, 32.6487
8.7513, 34.2487
8.7862, 7.8905
8.9685, 32.2075
9.0040, 27.3009
9.0194, 26.5326
9.0982, -0.0993
9.0982, 35.1276
9.1202, 5.0571
9.1241, 21.1942
9.1298, 20.2383
9.2820, 29.1580
9.2823, 22.7019
9.4078, 24.6674
9.5000, 2.3725
9.5000, 2.9753
9.5000, 3.9725
9.5000, 4.5753
9.5000, 5.5000
9.5000, 30.3000
9.5000, 31.1000
9.5000, 31.9000
9.5000, 33.5000
9.5000, 34.3000
9.5492, 1.1445
9.5492, 1.9445
9.5513, 0.7513
9.5513, 1.5513
9.5513, 32.6487
9.5992, 8.8205
9.7838, 8.4826
9.7868, 17.7227
9.8194, 9.6939
9.8226, 10.5579
9.8501, 21.7399
9.8791, 24.0188
9.8812, 22.8514
9.8978, 34.5277
9.8982, -0.0993
9.8982, 35.1276
9.9000, 33.9000
9.9012, 33.1723
9.9221, 5.8549
9.9532, 19.4478
9.9748, 32.0769
10.0155, 26.2507
10.0480, 18.7730
10.0637, 0.6367
10.1252, 15.6799
10.1545, 27.7179
10.1600, 16.9977
10.1784, 19.9558
10.1876, 25.4472
10.2262, 12.6622
10.2536, 17.5815
10.2704, 14.1861
10.2771, 12.2073
10.2796, 13.8050
10.2816, 16.2611
10.2911, 14.5673
10.3000, 4.0247
10.3000, 4.6275
10.3000, 30.3000
10.3000, 31.0275
10.3000, 31.8275
10.3000, 33.5000
10.3000, 34.3000
10.3002, 32.8742
10.3425, 10.7087
10.3492, 1.9445
10.3492, 2.7445
10.3492, 3.5445
10.3513, 1.5513
10.3513, 2.3513
10.3513, 3.1513
10.4261, 12.9964
10.4369, 19.3918
10.4454, 18.5238
10.4509, 15.4473
10.4515, 16.7486
10.5157, 0.6680
10.5182, 6.3996
10.5443, 11.0335
10.5988, 13.5983
10.6960, 20.4160
10.6960, 21.0640
10.6960, 21.7120
10.6960, 23.0080
10.6960, 23.6560
10.6960, 22.3600
10.6960, 32.0956
10.6982, -0.0993
10.6982, 35.1276
10.7000, 33.9000
10.7001, 34.5325
10.7012, 33.1723
10.7993, 29.0460
10.8649, 26.5326
10.9814, 25.1119
11.0200, 11.6680
11.0200, 12.3160
11.0200, 12.9640
11.0200, 13.6120
11.0200, 14.2600
11.0200, 14.9080
11.0200, 16.2040
11.0200, 16.8520
11.0200, 17.5000
11.0200, 18.1480
11.0200, 18.7960
11.0200, 20.7400
11.0200, 21.3880
11.0200, 22.0360
11.0200, 22.6840
11.0200, 23.3320
11.0200, 23.9800
11.0487, 5.5513
11.0977, 32.8674
11.1000, 0.7725
11.1000, 1.4275
11.1000, 30.3000
11.1000, 33.5000
11.1000, 31.0275
11.1000, 31.8275
11.1000, 34.3000
11.1043, 27.6947
11.1725, 3.1000
11.1725, 3.9000
11.1725, 4.7000
11.3440, 13.2880
11.3440, 20.4160
11.3440, 11.9920
11.3440, 12.6400
11.3440, 13.9360
11.3440, 15.8800
11.3440, 17.1760
11.3440, 18.4720
11.3440, 19.1200
11.3440, 19.7680
11.3440, 21.0640
11.3440, 21.7120
11.3440, 23.0080
11.3440, 23.6560
11.3440, 14.5840
11.3440, 16.5280
11.3440, 17.8240
11.3440, 22.3600
11.4718, 2.8408
11.4718, 3.6408
11.4718, 4.4408
11.4790, 1.3076
11.4875, 0.8529
11.4971, 2.2383
11.4982, -0.0993
11.4982, 35.1276
11.5000, 33.9000
11.5000, 34.5307
11.5012, 33.1723
11.6024, 29.4013
11.6062, 31.0769
11.6448, 30.2159
11.6680, 12.3160
11.6680, 12.9640
11.6680, 13.6120
11.6680, 14.2600
11.6680, 16.2040
11.6680, 16.8520
11.6680, 17.5000
11.6680, 18.1480
11.6680, 18.7960
11.6680, 19.4440
11.6680, 20.0920
11.6680, 20.7400
11.6680, 21.3880
11.6680, 22.0360
11.6680, 22.6840
11.6680, 23.3320
11.9000, 1.5725
11.9000, 2.2275
11.9000, 3.1725
11.9000, 3.9725
11.9000, 33.5000
11.9000, 34.3000
11.9048, 25.7383
11.9113, 32.8645
11.9878, 0.6065
11.9920, 13.2880
11.9920, 20.4160
11.9920, 11.3440
11.9920, 11.9920
11.9920, 12.6400
11.9920, 13.9360
11.9920, 15.2320
11.9920, 15.8800
11.9920, 17.1760
11.9920, 18.4720
11.9920, 19.1200
11.9920, 19.7680
11.9920, 21.0640
11.9920, 21.7120
11.9920, 23.0080
11.9920, 24.3040
11.9920, 14.5840
11.9920, 16.5280
11.9920, 17.8240
11.9920, 22.3600
12.1004, 26.2739
12.1592, 3.4718
12.1592, 4.2718
12.1777, 27.6947
12.2405, 1.7534
12.2549, 29.8684
12.2857, 10.4443
12.2982, -0.0993
12.2982, 35.1276
12.3000, 34.5293
12.3000, 33.9000
12.3012, 33.1723
12.3160, 12.3160
12.3160, 21.3880
12.3160, 11.0200
12.3160, 11.6680
12.3160, 14.9080
12.3160, 15.5560
12.3160, 16.2040
12.3160, 16.8520
12.3160, 18.1480
12.3160, 18.7960
12.3160, 19.4440
12.3160, 20.0920
12.3160, 20.7400
12.3160, 22.0360
12.3160, 22.6840
12.3160, 14.2600
12.3160, 17.5000
12.3160, 23.9800
12.3165, 5.1389
12.4054, 25.1296
12.4408, 1.0718
12.4492, 26.7192
12.6323, 32.0707
12.6400, 13.2880
12.6400, 20.4160
12.6400, 11.3440
12.6400, 11.9920
12.6400, 12.6400
12.6400, 13.9360
12.6400, 15.2320
12.6400, 15.8800
12.6400, 17.1760
12.6400, 18.4720
12.6400, 19.1200
12.6400, 19.7680
12.6400, 21.0640
12.6400, 21.7120
12.6400, 23.6560
12.6400, 24.3040
12.6400, 14.5840
12.6400, 16.5280
12.6400, 17.8240
12.6400, 22.3600
12.6991, 32.8612
12.7000, 0.7725
12.7000, 1.5725
12.7000, 2.1753
12.7000, 3.1725
12.7000, 3.9725
12.7000, 4.7725
12.7000, 5.5000
12.7000, 33.5000
12.7000, 34.3000
12.7800, 30.2970
12.8402, 26.7098
12.8419, 25.4167
12.9592, 3.4718
12.9592, 4.2718
12.9592, 5.0718
12.9640, 12.3160
12.9640, 21.3880
12.9640, 11.0200
12.9640, 11.6680
12.9640, 15.5560
12.9640, 16.2040
12.9640, 16.8520
12.9640, 18.1480
12.9640, 18.7960
12.9640, 19.4440
12.9640, 20.0920
12.9640, 20.7400
12.9640, 22.0360
12.9640, 23.3320
12.9640, 14.2600
12.9640, 17.5000
12.9640, 23.9800
12.9743, 14.8971
13.0982, -0.0993
13.0982, 35.1276
13.1365, 5.9710
13.2408, 1.0718
13.2408, 1.8718
13.2464, 10.5625
13.2880, 13.2880
13.2880, 20.4160
13.2880, 11.3440
13.2880, 11.9920
13.2880, 12.6400
13.2880, 13.9360
13.2880, 15.2320
13.2880, 15.8800
13.2880, 17.1760
13.2880, 18.4720
13.2880, 19.1200
13.2880, 19.7680
13.2880, 21.0640
13.2880, 21.7120
13.2880, 23.0080
13.2880, 23.6560
13.2880, 24.3040
13.2880, 14.5840
13.2880, 16.5280
13.2880, 17.8240
13.3147, 25.2469
13.5000, 0.7725
13.5000, 1.5725
13.5000, 2.3725
13.5000, 2.9753
13.5000, 3.9725
13.5000, 4.5753
13.5000, 5.5000
13.5000, 29.5000
13.5000, 30.3000
13.5000, 33.5000
13.5000, 34.3000
13.6120, 12.3160
13.6120, 21.3880
13.6120, 11.0200
13.6120, 11.6680
13.6120, 14.9080
13.6120, 15.5560
13.6120, 16.2040
13.6120, 16.8520
13.6120, 18.1480
13.6120, 18.7960
13.6120, 19.4440
13.6120, 20.0920
13.6120, 20.7400
13.6120, 22.6840
13.6120, 23.3320
13.6120, 14.2600
13.6120, 17.5000
13.6120, 23.9800
13.6408, 32.8948
13.7160, 25.2555
13.7992, 26.0616
13.8982, -0.0993
13.8982, 35.1276
13.8988, 33.1723
13.9000, 34.5293
13.9000, 33.9000
13.9360, 11.3440
13.9360, 11.9920
13.9360, 12.6400
13.9360, 13.2880
13.9360, 13.9360
13.9360, 14.5840
13.9360, 15.2320
13.9360, 15.8800
13.9360, 16.5280
13.9360, 17.1760
13.9360, 17.8240
13.9360, 18.4720
13.9360, 19.1200
13.9360, 19.7680
13.9360, 20.4160
13.9360, 21.0640
13.9360, 22.3600
13.9360, 23.0080
13.9360, 23.6560
13.9360, 24.3040
13.9677, 10.5260
13.9962, 0.6548
14.0309, 29.6213
14.0408, 1.8718
14.0408, 2.6718
14.0658, 4.4104
14.0727, 3.7097
14.1153, 25.2617
14.2487, 3.1513
14.2487, 4.7513
14.2600, 12.3160
14.2600, 11.0200
14.2600, 11.6680
14.2600, 14.9080
14.2600, 15.5560
14.2600, 16.2040
14.2600, 16.8520
14.2600, 18.1480
14.2600, 18.7960
14.2600, 19.4440
14.2600, 20.0920
14.2600, 20.7400
14.2600, 22.0360
14.2600, 22.6840
14.2600, 23.3320
14.2600, 14.2600
14.2600, 17.5000
14.2600, 23.9800
14.3000, 2.3725
14.3000, 1.5725
14.3000, 30.3000
14.3000, 33.5000
14.3000, 34.3000
14.3744, 5.4904
14.4009, 32.8767
14.4270, 0.6680
14.4526, 25.7563
14.5783, 25.2026
14.5840, 11.3440
14.5840, 11.9920
14.5840, 12.6400
14.5840, 13.2880
14.5840, 13.9360
14.5840, 14.5840
14.5840, 15.2320
14.5840, 15.8800
14.5840, 16.5280
14.5840, 17.1760
14.5840, 17.8240
14.5840, 18.4720
14.5840, 19.1200
14.5840, 19.7680
14.5840, 20.4160
14.5840, 21.7120
14.5840, 22.3600
14.5840, 23.0080
14.5840, 23.6560
14.6982, -0.0993
14.6982, 35.1276
14.6988, 33.1723
14.7000, 34.5293
14.7000, 33.9000
14.9080, 12.3160
14.9080, 21.3880
14.9080, 11.0200
14.9080, 11.6680
14.9080, 14.9080
14.9080, 15.5560
14.9080, 16.2040
14.9080, 16.8520
14.9080, 18.1480
14.9080, 18.7960
14.9080, 19.4440
14.9080, 20.0920
14.9080, 22.0360
14.9080, 22.6840
14.9080, 23.3320
14.9080, 14.2600
14.9080, 17.5000
14.9080, 23.9800
15.1000, 0.7725
15.1000, 1.4275
15.1000, 30.3000
15.1000, 33.5000
15.1000, 34.3000
15.1420, 24.9868
15.1494, 32.8715
15.1513, 3.1513
15.1513, 3.9513
15.1513, 4.7513
15.2320, 11.3440
15.2320, 11.9920
15.2320, 12.6400
15.2320, 13.2880
15.2320, 13.9360
15.2320, 14.5840
15.2320, 15.2320
15.2320, 15.8800
15.2320, 16.5280
15.2320, 17.1760
15.2320, 17.8240
15.2320, 18.4720
15.2320, 19.1200
15.2320, 19.7680
15.2320, 21.0640
15.2320, 21.7120
15.2320, 22.3600
15.2320, 23.0080
15.2320, 23.6560
15.2675, 5.1748
15.3571, 24.6684
15.3579, 4.4258
15.3635, 3.6231
15.4791, 1.3076
15.4875, 0.8529
15.4971, 2.2383
15.4982, -0.0993
15.4982, 35.1276
15.4988, 33.1723
15.5000, 34.5293
15.5000, 33.9000
15.5560, 12.3160
15.5560, 21.3880
15.5560, 11.0200
15.5560, 11.6680
15.5560, 14.9080
15.5560, 15.5560
15.5560, 16.2040
15.5560, 16.8520
15.5560, 18.1480
15.5560, 18.7960
15.5560, 19.4440
15.5560, 20.7400
15.5560, 22.0360
15.5560, 22.6840
15.5560, 23.3320
15.5560, 14.2600
15.5560, 17.5000
15.5560, 23.9800
15.7401, 24.6061
15.8380, 9.9495
15.8780, 10.3276
15.8800, 11.3440
15.8800, 11.9920
15.8800, 12.6400
15.8800, 13.2880
15.8800, 13.9360
15.8800, 14.5840
15.8800, 15.2320
15.8800, 15.8800
15.8800, 16.5280
15.8800, 17.1760
15.8800, 17.8240
15.8800, 18.4720
15.8800, 19.1200
15.8800, 20.4160
15.8800, 21.0640
15.8800, 21.7120
15.8800, 22.3600
15.8800, 23.0080
15.8800, 23.6560
15.8882, 5.8863
15.9000, 1.5725
15.9000, 2.2275
15.9000, 3.9725
15.9000, 4.5753
15.9000, 5.5000
15.9000, 33.5000
15.9000, 34.3000
15.9099, 0.6728
15.9492, 3.5445
15.9513, 3.1513
16.0103, 32.8844
16.1554, 31.8629
16.2040, 21.3880
16.2040, 11.0200
16.2040, 11.6680
16.2040, 12.3160
16.2040, 14.2600
16.2040, 14.9080
16.2040, 15.5560
16.2040, 16.2040
16.2040, 16.8520
16.2040, 18.1480
16.2040, 18.7960
16.2040, 20.0920
16.2040, 20.7400
16.2040, 22.0360
16.2040, 22.6840
16.2040, 23.3320
16.2040, 17.5000
16.2040, 23.9800
16.2405, 1.7534
16.2672, 25.3853
16.2982, -0.0993
16.2982, 35.1276
16.2988, 33.1723
16.3000, 34.5293
16.3000, 33.9000
16.4247, 28.1619
16.4485, 10.5816
16.5280, 20.4160
16.5280, 11.3440
16.5280, 11.9920
16.5280, 12.6400
16.5280, 13.2880
16.5280, 13.9360
16.5280, 14.5840
16.5280, 15.2320
16.5280, 15.8800
16.5280, 17.1760
16.5280, 18.4720
16.5280, 19.1200
16.5280, 19.7680
16.5280, 21.0640
16.5280, 21.7120
16.5280, 23.0080
16.5280, 23.6560
16.5280, 16.5280
16.5280, 17.8240
16.5280, 22.3600
16.5367, 3.6251
16.5373, 4.4208
16.7000, 0.7725
16.7000, 1.5725
16.7000, 2.1753
16.7000, 3.1725
16.7000, 3.9725
16.7000, 5.5000
16.7000, 31.9000
16.7000, 32.7000
16.7000, 33.5000
16.7000, 4.7725
16.7000, 34.3000
16.7304, 5.9902
16.8013, 24.9914
16.8520, 11.0200
16.8520, 11.6680
16.8520, 12.3160
16.8520, 14.2600
16.8520, 14.9080
16.8520, 15.5560
16.8520, 16.2040
16.8520, 16.8520
16.8520, 17.5000
16.8520, 18.1480
16.8520, 18.7960
16.8520, 19.4440
16.8520, 20.0920
16.8520, 20.7400
16.8520, 21.3880
16.8520, 22.0360
16.8520, 22.6840
16.8520, 23.3320
16.8520, 23.9800
16.9171, 10.5418
16.9592, 1.0718
17.0656, 27.1503
17.0982, -0.0993
17.0982, 35.1276
17.1541, 1.7347
17.1760, 11.3440
17.1760, 11.9920
17.1760, 12.6400
17.1760, 13.2880
17.1760, 13.9360
17.1760, 14.5840
17.1760, 15.2320
17.1760, 15.8800
17.1760, 16.5280
17.1760, 17.1760
17.1760, 17.8240
17.1760, 18.4720
17.1760, 19.1200
17.1760, 19.7680
17.1760, 20.4160
17.1760, 21.0640
17.1760, 21.7120
17.1760, 22.3600
17.1760, 23.0080
17.1760, 23.6560
17.2281, 24.5988
17.3044, 25.4206
17.3319, 34.4978
17.3337, 25.0859
17.4365, 4.7838
17.4888, 0.6344
17.5000, 21.3880
17.5000, 1.5725
17.5000, 2.2275
17.5000, 3.1000
17.5000, 3.9725
17.5000, 5.5000
17.5000, 11.0200
17.5000, 11.6680
17.5000, 12.3160
17.5000, 14.2600
17.5000, 14.9080
17.5000, 15.5560
17.5000, 16.2040
17.5000, 16.8520
17.5000, 18.1480
17.5000, 18.7960
17.5000, 19.4440
17.5000, 20.0920
17.5000, 20.7400
17.5000, 22.0360
17.5000, 22.6840
17.5000, 23.3320
17.5000, 31.9000
17.5000, 32.7725
17.5000, 33.4275
17.5000, 17.5000
17.5000, 23.9800
17.5003, 32.3850
17.5830, 25.6086
17.7592, 4.2718
17.7623, 25.1321
17.7637, 24.5696
17.8240, 20.4160
17.8240, 11.3440
17.8240, 11.9920
17.8240, 12.6400
17.8240, 13.2880
17.8240, 13.9360
17.8240, 14.5840
17.8240, 15.2320
17.8240, 15.8800
17.8240, 17.1760
17.8240, 18.4720
17.8240, 19.1200
17.8240, 19.7680
17.8240, 21.0640
17.8240, 21.7120
17.8240, 23.0080
17.8240, 23.6560
17.8240, 16.5280
17.8240, 17.8240
17.8240, 22.3600
17.8378, 26.2623
17.8619, 34.5004
17.8692, 6.0154
17.8842, 2.0742
17.8875, 33.6053
17.8982, -0.0993
17.8982, 35.1276
17.9303, 9.9798
18.0408, 3.4718
18.0800, 31.6075
18.1480, 21.3880
18.1480, 11.0200
18.1480, 11.6680
18.1480, 12.3160
18.1480, 14.2600
18.1480, 14.9080
18.1480, 15.5560
18.1480, 16.2040
18.1480, 16.8520
18.1480, 18.1480
18.1480, 18.7960
18.1480, 19.4440
18.1480, 20.0920
18.1480, 20.7400
18.1480, 22.0360
18.1480, 22.6840
18.1480, 23.3320
18.1480, 17.5000
18.1480, 23.9800
18.2152, 4.7919
18.2545, 9.7781
18.2947, 32.2208
18.3000, 0.7725
18.3000, 1.4275
18.3000, 3.1725
18.3000, 3.9725
18.3000, 32.7000
18.3000, 33.5725
18.3000, 34.2275
18.3803, 9.4693
18.3984, 25.5326
18.3988, 5.5020
18.4720, 11.3440
18.4720, 11.9920
18.4720, 12.6400
18.4720, 13.2880
18.4720, 13.9360
18.4720, 14.5840
18.4720, 15.2320
18.4720, 15.8800
18.4720, 16.5280
18.4720, 17.1760
18.4720, 17.8240
18.4720, 18.4720
18.4720, 19.1200
18.4720, 19.7680
18.4720, 20.4160
18.4720, 21.0640
18.4720, 21.7120
18.4720, 22.3600
18.4720, 23.0080
18.4720, 23.6560
18.5251, 2.4055
18.5592, 4.2718
18.5695, 10.0593
18.5704, 24.9896
18.6564, 9.7368
18.6791, 1.3076
18.6875, 0.8529
18.6922, 10.5739
18.6960, 34.1747
18.6972, 33.6420
18.6982, -0.0993
18.6982, 35.1276
18.7251, 25.4661
18.7847, 32.8630
18.7960, 21.3880
18.7960, 14.2600
18.7960, 14.9080
18.7960, 15.5560
18.7960, 16.2040
18.7960, 16.8520
18.7960, 18.1480
18.7960, 18.7960
18.7960, 19.4440
18.7960, 20.0920
18.7960, 20.7400
18.7960, 22.0360
18.7960, 22.6840
18.7960, 23.3320
18.7960, 17.5000
18.7960, 23.9800
18.8315, 31.6947
18.8408, 5.0718
18.9391, 10.2762
18.9546, 6.5309
19.1000, 1.5725
19.1000, 2.3725
19.1000, 3.1725
19.1000, 3.7753
19.1000, 4.7725
19.1000, 5.5000
19.1000, 31.9725
19.1000, 32.6275
19.1200, 20.4160
19.1200, 11.3440
19.1200, 11.9920
19.1200, 12.6400
19.1200, 13.2880
19.1200, 13.9360
19.1200, 14.5840
19.1200, 15.2320
19.1200, 15.8800
19.1200, 17.1760
19.1200, 18.4720
19.1200, 19.1200
19.1200, 19.7680
19.1200, 21.0640
19.1200, 21.7120
19.1200, 23.0080
19.1200, 23.6560
19.1200, 16.5280
19.1200, 17.8240
19.1200, 22.3600
19.2559, 0.7004
19.3160, 20.0920
19.3160, 19.4440
19.3334, 9.9424
19.3592, 1.8718
19.3592, 2.6718
19.4440, 14.2600
19.4440, 14.9080
19.4440, 15.5560
19.4440, 16.2040
19.4440, 16.8520
19.4440, 17.5000
19.4440, 18.1480
19.4440, 18.7960
19.4440, 20.7400
19.4440, 21.3880
19.4440, 22.0360
19.4440, 22.6840
19.4440, 23.3320
19.4440, 23.9800
19.4635, 30.6635
19.4782, 34.5161
19.4982, -0.0993
19.4982, 35.1276
19.5174, 5.9165
19.7680, 10.6960
19.7680, 11.3440
19.7680, 11.9920
19.7680, 12.6400
19.7680, 13.2880
19.7680, 13.9360
19.7680, 14.5840
19.7680, 15.2320
19.7680, 15.8800
19.7680, 16.5280
19.7680, 17.1760
19.7680, 17.8240
19.7680, 18.4720
19.7680, 19.1200
19.7680, 19.7680
19.7680, 20.4160
19.7680, 21.0640
19.7680, 21.7120
19.7680, 22.3600
19.7680, 23.0080
19.7680, 23.6560
19.7718, 9.9556
19.7991, 24.8840
19.8275, 31.1000
19.9000, 1.5725
19.9000, 2.3725
19.9000, 3.1725
19.9000, 3.9725
19.9000, 4.5753
19.9000, 5.5000
19.9000, 30.3000
19.9000, 31.9000
19.9000, 32.7000
19.9000, 33.5725
19.9000, 34.2275
19.9198, 0.6947
20.0723, 10.0991
20.0920, 12.9640
20.0920, 13.6120
20.0920, 14.2600
20.0920, 14.9080
20.0920, 15.5560
20.0920, 16.2040
20.0920, 16.8520
20.0920, 17.5000
20.1592, 1.8718
20.1592, 2.6718
20.1592, 3.4718
20.1719, 9.5578
20.1853, 24.4764
20.2198, 25.6010
20.2302, 25.0687
20.2411, 33.1890
20.2471, 34.5291
20.2982, -0.0993
20.2982, 35.1276
20.4160, 10.6960
20.4160, 11.3440
20.4160, 11.9920
20.4160, 12.6400
20.4160, 13.2880
20.4160, 13.9360
20.4160, 14.5840
20.4160, 15.2320
20.4160, 15.8800
20.4160, 16.5280
20.4160, 17.1760
20.4160, 17.8240
20.4160, 18.4720
20.4160, 19.1200
20.4160, 19.7680
20.4160, 20.4160
20.4160, 21.0640
20.4160, 21.7120
20.4160, 22.3600
20.4160, 23.0080
20.4160, 23.6560
20.4408, 5.0718
20.5680, 24.8744
20.5866, 28.1797
20.6507, 25.2538
20.7000, 0.7725
20.7000, 1.5725
20.7000, 3.1725
20.7000, 3.9725
20.7000, 5.5000
20.7000, 31.1000
20.7000, 32.6275
20.7000, 4.7725
20.7000, 31.8275
20.7400, 21.3880
20.7400, 11.6680
20.7400, 12.3160
20.7400, 12.9640
20.7400, 13.6120
20.7400, 14.2600
20.7400, 14.9080
20.7400, 15.5560
20.7400, 16.2040
20.7400, 16.8520
20.7400, 18.1480
20.7400, 18.7960
20.7400, 19.4440
20.7400, 20.0920
20.7400, 20.7400
20.7400, 22.0360
20.7400, 22.6840
20.7400, 23.3320
20.7400, 17.5000
20.7400, 23.9800
20.7760, 2.3967
20.8477, 6.9055
20.8534, 34.5020
20.9592, 1.0718
20.9592, 1.8718
20.9592, 3.4718
20.9592, 4.2718
21.0528, 25.1252
21.0640, 10.6960
21.0640, 11.3440
21.0640, 11.9920
21.0640, 12.6400
21.0640, 13.2880
21.0640, 13.9360
21.0640, 14.5840
21.0640, 15.2320
21.0640, 15.8800
21.0640, 16.5280
21.0640, 17.1760
21.0640, 17.8240
21.0640, 18.4720
21.0640, 19.1200
21.0640, 19.7680
21.0640, 20.4160
21.0640, 21.0640
21.0640, 21.7120
21.0640, 22.3600
21.0640, 23.0080
21.0640, 23.6560
21.0822, 32.3728
21.0982, -0.0993
21.0982, 35.1276
21.1159, 24.4955
21.1717, 9.7870
21.2689, 6.4647
21.3848, 24.9264
21.3880, 21.3880
21.3880, 13.6120
21.3880, 14.2600
21.3880, 14.9080
21.3880, 15.5560
21.3880, 16.2040
21.3880, 16.8520
21.3880, 18.1480
21.3880, 18.7960
21.3880, 19.4440
21.3880, 20.0920
21.3880, 20.7400
21.3880, 22.0360
21.3880, 22.6840
21.3880, 23.3320
21.3880, 17.5000
21.3880, 23.9800
21.5000, 1.5725
21.5000, 2.3725
21.5000, 3.1725
21.5000, 3.9725
21.5000, 4.5753
21.5000, 8.7000
21.5000, 31.1000
21.5000, 31.8275
21.5000, 32.6275
21.5000, 33.4275
21.5000, 34.2275
21.5138, 25.3939
21.5824, 0.6488
21.5982, 9.8753
21.6148, 24.4956
21.6362, 6.1384
21.7111, 9.4612
21.7120, 20.4160
21.7120, 12.6400
21.7120, 13.2880
21.7120, 13.9360
21.7120, 14.5840
21.7120, 15.2320
21.7120, 15.8800
21.7120, 17.1760
21.7120, 18.4720
21.7120, 19.1200
21.7120, 19.7680
21.7120, 21.0640
21.7120, 21.7120
21.7120, 23.0080
21.7120, 23.6560
21.7120, 16.5280
21.7120, 17.8240
21.7120, 22.3600
21.7592, 1.8718
21.7592, 2.6718
21.7592, 3.4718
21.8358, 24.9345
21.8462, 32.0542
21.8968, 32.7728
21.8982, -0.0993
21.8982, 35.1276
22.0360, 21.3880
22.0360, 12.9640
22.0360, 13.6120
22.0360, 14.2600
22.0360, 14.9080
22.0360, 15.5560
22.0360, 16.2040
22.0360, 16.8520
22.0360, 18.1480
22.0360, 18.7960
22.0360, 19.4440
22.0360, 20.0920
22.0360, 20.7400
22.0360, 22.0360
22.0360, 22.6840
22.0360, 23.3320
22.0360, 17.5000
22.0360, 23.9800
22.0792, 5.7392
22.1324, 33.3997
22.2161, 8.0465
22.2487, 30.2487
22.3000, 0.7725
22.3000, 1.5725
22.3000, 3.0275
22.3000, 3.8275
22.3000, 4.6275
22.3000, 5.4275
22.3000, 31.0275
22.3000, 31.8275
22.3000, 32.6275
22.3505, 34.4749
22.3600, 12.6400
22.3600, 13.2880
22.3600, 13.9360
22.3600, 14.5840
22.3600, 15.2320
22.3600, 15.8800
22.3600, 16.5280
22.3600, 17.1760
22.3600, 17.8240
22.3600, 18.4720
22.3600, 19.1200
22.3600, 19.7680
22.3600, 20.4160
22.3600, 21.0640
22.3600, 21.7120
22.3600, 22.3600
22.3600, 23.0080
22.3600, 23.6560
22.4819, 24.8011
22.4973, 24.3231
22.5124, 25.3004
22.5592, 1.0718
22.5592, 1.8718
22.5592, 2.7282
22.5592, 3.5282
22.5592, 5.1282
22.5875, 32.0888
22.6392, 32.8076
22.6840, 12.9640
22.6840, 13.6120
22.6840, 14.2600
22.6840, 14.9080
22.6840, 15.5560
22.6840, 16.2040
22.6840, 16.8520
22.6840, 17.5000
22.6840, 18.1480
22.6840, 18.7960
22.6840, 19.4440
22.6840, 20.0920
22.6840, 20.7400
22.6840, 21.3880
22.6840, 22.0360
22.6840, 22.6840
22.6840, 23.3320
22.6840, 23.9800
22.6982, -0.0993
22.6982, 35.1276
22.7569, 31.5595
23.0080, 20.4160
23.0080, 11.3440
23.0080, 11.9920
23.0080, 12.6400
23.0080, 13.2880
23.0080, 13.9360
23.0080, 14.5840
23.0080, 15.2320
23.0080, 15.8800
23.0080, 17.1760
23.0080, 18.4720
23.0080, 19.1200
23.0080, 19.7680
23.0080, 21.0640
23.0080, 21.7120
23.0080, 23.0080
23.0080, 23.6560
23.0080, 16.5280
23.0080, 17.8240
23.0080, 22.3600
23.0373, 0.6261
23.1000, 1.5725
23.1000, 2.3725
23.1000, 3.1725
23.1000, 3.9725
23.1000, 29.5000
23.1000, 30.2275
23.1000, 31.0275
23.1000, 31.8275
23.1000, 32.6275
23.1000, 33.4275
23.1000, 34.2275
23.1504, 7.3978
23.2216, 24.8345
23.3320, 12.3160
23.3320, 12.9640
23.3320, 13.6120
23.3320, 14.2600
23.3320, 14.9080
23.3320, 15.5560
23.3320, 16.2040
23.3320, 16.8520
23.3320, 17.5000
23.3320, 18.1480
23.3320, 18.7960
23.3320, 19.4440
23.3320, 20.0920
23.3320, 20.7400
23.3320, 21.3880
23.3320, 22.0360
23.3320, 22.6840
23.3320, 23.3320
23.3320, 23.9800
23.3486, 25.3200
23.3592, 1.8718
23.3592, 2.6718
23.3592, 3.4718
23.3592, 4.2718
23.4499, 31.2982
23.4982, -0.0993
23.4982, 35.1276
23.5088, 9.7154
23.5182, 32.3382
23.5764, 29.8596
23.6560, 10.6960
23.6560, 11.3440
23.6560, 11.9920
23.6560, 12.6400
23.6560, 13.2880
23.6560, 13.9360
23.6560, 14.5840
23.6560, 15.2320
23.6560, 15.8800
23.6560, 16.5280
23.6560, 17.8240
23.6560, 18.4720
23.6560, 19.1200
23.6560, 19.7680
23.6560, 20.4160
23.6560, 21.0640
23.6560, 21.7120
23.6560, 22.3600
23.6560, 23.0080
23.6560, 23.6560
23.8519, 10.3676
23.8945, 9.7667
23.9000, 0.7000
23.9000, 1.5000
23.9000, 2.3000
23.9000, 3.1000
23.9000, 3.9000
23.9000, 30.2275
23.9000, 31.0275
23.9000, 31.8275
23.9000, 32.6275
23.9087, 34.4592
23.9357, 24.8971
23.9492, 17.0236
23.9800, 11.0200
23.9800, 11.6680
23.9800, 12.3160
23.9800, 12.9640
23.9800, 13.6120
23.9800, 14.2600
23.9800, 14.9080
23.9800, 15.5560
23.9800, 16.2040
23.9800, 17.5000
23.9800, 18.1480
23.9800, 18.7960
23.9800, 19.4440
23.9800, 20.0920
23.9800, 20.7400
23.9800, 21.3880
23.9800, 22.0360
23.9800, 22.6840
23.9800, 23.3320
23.9800, 23.9800
24.1707, 25.2336
24.1886, 31.3809
24.1929, 27.7682
24.2086, 30.5502
24.2628, 9.6649
24.2778, 26.1619
24.2940, 17.8240
24.2940, 18.4720
24.2940, 19.1200
24.2982, -0.0993
24.2982, 35.1276
24.2990, 19.7680
24.2990, 20.4160
24.2990, 22.3600
24.2990, 23.0080
24.3040, 10.6960
24.3040, 11.3440
24.3040, 11.9920
24.3040, 21.7120
24.3040, 23.6560
24.3113, 16.8779
24.3196, 32.3395
24.3550, 26.6639
24.4545, 28.4032
24.5983, 17.1314
24.6049, 13.5547
24.6238, 14.2020
24.6280, 11.0200
24.6280, 11.6680
24.6353, 17.4593
24.6487, 0.7513
24.6487, 1.5513
24.6487, 2.3513
24.6487, 3.1513
24.6612, 9.5304
24.6617, 14.5920
24.6656, 21.0483
24.6785, 9.0327
24.7000, 28.7000
24.7000, 29.5000
24.7000, 30.3000
24.7000, 31.0275
24.7000, 31.8275
24.7000, 32.6275
24.7000, 33.4275
24.7000, 34.2275
24.7100, 20.6969
24.7120, 21.4268
24.7152, 21.9447
24.7437, 13.2545
24.7936, 27.7674
24.8686, 15.2563
24.9045, 9.8357
24.9296, 18.8551
24.9296, 19.5044
24.9513, 16.4428
24.9662, 10.6688
24.9679, 15.7477
25.0480, 23.3769
25.0657, 1.0451
25.0672, 12.6751
25.0786, 28.4064
25.0856, 1.8225
25.0953, 12.2656
25.0966, 17.2880
25.0982, -0.0993
25.0982, 35.1276
25.1026, 20.8172
25.1180, 31.3073
25.1253, 2.6363
25.1276, 32.3582
25.1293, 20.2051
25.1541, 21.8717
25.1726, 13.5843
25.1726, 13.9143
25.1735, 26.9650
25.1850, 24.3451
25.1882, 22.4882
25.2183, 33.0835
25.2199, 26.0152
25.2204, 22.8855
25.2251, 11.4335
25.2259, 18.3100
25.2458, 10.2560
25.2539, 15.3556
25.3116, 21.3104
25.3173, 15.0296
25.3374, 17.5836
25.3480, 15.7240
25.3874, 23.8575
25.3897, 8.2627
25.4274, 9.8688
25.4326, 16.2919
25.4333, 34.4692
25.4487, 2.2487
25.4487, 3.0487
25.4686, 23.3642
25.4735, 24.8295
25.4771, 0.5007
25.4986, 11.1649
25.5000, 4.7000
25.5000, 5.5000
25.5000, 30.2275
25.5000, 31.0275
25.5000, 31.8275
25.5000, 32.6275
25.5274, 18.7254
25.5397, 12.7822
25.5425, 11.6630
25.5450, 12.2942
25.5985, 20.7895
25.6124, 21.1723
25.6184, 19.9222
25.6235, 25.2603
25.6555, 22.1250
25.6655, 10.2206
25.6799, 13.8958
25.7034, 17.2027
25.7036, 24.3470
25.7261, 17.5321
25.7397, 22.8701
25.7676, 32.1675
25.8034, 1.3528
25.8578, 6.8315
25.8766, 31.2742
25.8982, -0.0993
25.8982, 35.1276
25.9026, 23.8502
25.9083, 2.0865
26.0038, 21.5412
26.0924, 27.8916
26.1156, 25.5365
26.1310, 26.6947
26.2352, 17.6577
26.2487, 0.7513
26.2487, 1.5513
26.2487, 2.3513
26.2487, 4.7513
26.3000, 3.9725
26.3000, 5.5000
26.3000, 9.5000
26.3000, 10.3000
26.3000, 28.7000
26.3000, 30.3000
26.3000, 31.0275
26.3000, 31.8275
26.3000, 32.6275
26.3000, 33.4275
26.3000, 34.2275
26.3473, 19.0578
26.3627, 20.0153
26.5866, 23.6755
26.6436, 1.7927
26.6667, 32.7803
26.6747, 8.7825
26.6873, 33.9357
26.6982, -0.0993
26.6982, 35.1276
26.7094, 32.0229
26.7494, 31.3696
26.7672, 9.8247
26.7792, 0.7077
26.8002, 4.3475
27.0115, 6.7941
27.0361, 34.3160
27.0487, 2.2487
27.0487, 1.4487
27.0487, 4.7513
27.0487, 31.0487
27.0487, 32.6487
27.0487, 31.8487
27.1000, 3.9725
27.1000, 5.5000
27.1000, 30.3000
27.1966, 8.7863
27.1966, 9.1863
27.1966, 9.5863
27.2093, 0.9558
27.2715, 9.9620
27.3357, 7.9268
27.3721, 32.1709
27.3873, 0.5164
27.4054, 33.5270
27.4482, 4.6142
27.4961, 32.8763
27.4982, -0.0993
27.4982, 35.1276
27.6966, 8.7863
27.6966, 9.1863
27.6966, 9.5863
27.8487, 33.4487
27.8487, 0.7513
27.8487, 4.7513
27.8487, 32.6487
27.8487, 34.2487
27.8487, 31.8487
27.8839, 20.6794
27.9000, 1.5000
27.9000, 3.1725
27.9000, 3.9725
27.9000, 5.5000
27.9000, 25.5000
27.9000, 28.7000
27.9000, 31.1000
27.9534, 23.7450
28.0381, 10.2438
28.0692, 26.2392
28.1966, 8.7863
28.1966, 9.1863
28.1966, 9.5863
28.2159, 6.7492
28.2214, 32.2256
28.2886, 9.9564
28.2982, -0.0993
28.2982, 35.1276
28.3401, 3.5088
28.4487, 4.3640
28.5132, 28.1040
28.5171, 7.5600
28.5583, 34.4773
28.6487, 1.5513
28.6487, 4.7513
28.6487, 32.6487
28.6487, 31.8487
28.7000, 3.1725
28.7000, 3.9725
28.7000, 5.5000
28.7000, 6.3000
28.7000, 25.5000
28.7000, 26.3000
28.7000, 29.5000
28.7179, 26.9805
28.9001, 0.5394
28.9629, 1.8438
29.0748, 32.2683
29.0982, -0.0993
29.0982, 35.1276
29.1416, 3.5728
29.2803, 4.3435
29.4275, 2.3000
29.4275, 3.9000
29.4275, 4.7000
29.4275, 6.3000
29.4275, 28.7000
29.4275, 29.5000
29.4487, 0.7513
29.4487, 1.5513
29.4487, 3.1513
29.4487, 32.6487
29.5000, 7.1000
29.5000, 7.9000
29.5000, 8.7000
29.5000, 9.5000
29.5000, 19.1000
29.5000, 19.8275
29.5000, 22.3000
29.5000, 23.1000
29.5000, 23.9000
29.5000, 24.7000
29.5000, 26.3000
29.5000, 27.1000
29.5000, 27.9000
29.5000, 33.5000
29.5000, 34.3000
29.7767, 29.1688
29.7921, 5.9142
29.8501, 4.3493
29.8646, 19.5520
29.8681, 2.8164
29.8861, 1.8412
29.8982, -0.0993
29.8982, 35.1276
29.9000, 21.9000
29.9000, 22.7000
29.9000, 23.5000
29.9000, 24.3000
29.9000, 25.1000
29.9000, 33.9000
29.9007, 33.1658
29.9007, 34.5242
29.9200, 28.4961
30.0071, 20.1217
30.0416, 0.6487
30.0647, 1.1317
30.2275, 2.3000
30.2275, 3.9000
30.2275, 4.7000
30.2275, 6.3000
30.2275, 7.9000
30.2275, 8.7000
30.2275, 9.5000
30.2275, 10.3000
30.2275, 11.1000
30.2487, 3.1513
30.2487, 26.2487
30.2487, 27.9513
30.2487, 28.7513
30.2487, 30.3513
30.2487, 29.5513
30.2914, 32.8663
30.3000, 5.5725
30.3000, 7.1725
30.3000, 22.3000
30.3000, 23.1000
30.3000, 23.9000
30.3000, 24.7000
30.3000, 27.0275
30.3000, 33.5000
30.3000, 34.3000
30.3725, 20.7000
30.3930, 20.2445
30.5748, 29.8102
30.5808, 1.6841
30.6187, 5.9942
30.6222, 26.5687
30.6349, 3.4164
30.6457, 9.7784
30.6501, 8.4054
30.6554, 4.3813
30.6982, -0.0993
30.6982, 35.1276
30.7000, 33.9000
30.7000, 34.5275
30.7007, 33.1658
30.7379, 20.9774
30.8298, 10.6618
30.8381, 9.0628
30.8965, 6.7125
30.9662, 32.8922
31.0275, 3.9000
31.0275, 4.7000
31.0275, 6.3000
31.0275, 7.1000
31.0275, 7.9000
31.0275, 8.7000
31.0275, 9.5000
31.0275, 10.3000
31.0275, 11.1000
31.0275, 25.5000
31.0275, 31.9000
31.0275, 20.7000
31.0408, 1.9346
31.0487, 0.7513
31.0487, 1.5513
31.0487, 2.3513
31.0487, 3.1513
31.0487, 26.2487
31.0487, 27.9513
31.0487, 28.7513
31.0487, 30.3513
31.0487, 31.1513
31.1000, 5.5725
31.1000, 27.1725
31.1000, 33.5000
31.1000, 34.3000
31.1494, 15.5881
31.1494, 16.2431
31.1725, 29.5000
31.4088, 5.9454
31.4420, 3.4214
31.4446, 16.6714
31.4479, 15.8320
31.4528, 8.3868
31.4543, 24.3389
31.4555, 4.2213
31.4587, 25.9332
31.4717, 2.7039
31.4828, 11.7135
31.4955, 30.8221
31.4982, -0.0993
31.4982, 35.1276
31.5000, 33.9000
31.5007, 33.1658
31.5007, 34.5254
31.5048, 28.6086
31.5141, 29.2033
31.5310, 25.0269
31.5378, 26.7377
31.5422, 19.4421
31.5475, 18.6527
31.5695, 22.6458
31.5741, 1.9826
31.5825, 21.8360
31.5879, 30.0163
31.5952, 10.6938
31.6061, 9.1001
31.6141, 7.5107
31.6149, 17.9264
31.6625, 1.0457
31.6658, 12.3097
31.6698, 16.3035
31.6724, 9.9224
31.6724, 14.7011
31.6768, 15.5008
31.6938, 13.8893
31.6951, 13.1162
31.8218, 32.8777
31.8275, 3.9000
31.8275, 6.3000
31.8275, 7.1000
31.8275, 7.9000
31.8275, 8.7000
31.8275, 9.5000
31.8275, 10.3000
31.8275, 11.1000
31.8275, 26.3000
31.8275, 27.1000
31.8487, 1.5513
31.8487, 2.3513
31.8487, 3.1513
31.8487, 27.8487
31.9000, 4.7000
31.9000, 5.5725
31.9000, 33.5000
31.9195, 17.1580
31.9725, 11.9000
31.9725, 12.7000
31.9725, 14.3000
31.9725, 15.9000
31.9725, 16.7000
31.9725, 19.9000
31.9725, 22.3000
31.9725, 24.7000
31.9725, 25.5000
31.9725, 30.3000
31.9725, 31.9000
31.9725, 18.3000
31.9725, 19.1000
31.9725, 21.5000
31.9725, 23.1000
31.9725, 28.7000
31.9725, 31.1000
31.9725, 29.5000
32.0300, 20.8389
32.1512, 26.6612
32.2425, 3.4181
32.2475, 5.9787
32.2635, 8.3761
32.2662, 4.2266
32.2715, 31.5235
32.2921, 19.3612
32.2935, 21.8793
32.2948, 18.6803
32.2948, 21.2064
32.2988, 23.3907
32.3015, 22.6777
32.3068, 18.0261
32.3155, 20.2858
32.3328, 24.4256
32.3497, 9.9117
32.3572, 13.1761
32.3783, 29.1315
32.3955, 7.4707
32.4075, 30.8434
32.4344, 6.6627
32.4591, 10.7411
32.6275, 3.9000
32.6275, 4.7000
32.6275, 5.5000
32.6275, 6.3000
32.6275, 7.1000
32.6275, 7.9000
32.6275, 8.7000
32.6275, 10.3000
32.6275, 11.1000
32.6275, 11.9000
32.6275, 12.7000
32.6275, 14.3000
32.6275, 15.9000
32.6275, 16.7000
32.6275, 18.3000
32.6275, 19.1000
32.6275, 19.9000
32.6275, 21.5000
32.6275, 22.3000
32.6275, 23.1000
32.6275, 24.7000
32.6275, 25.5000
32.6275, 27.1000
32.6275, 30.3000
32.6487, 2.3513
32.6487, 3.1513
32.6487, 27.8487
32.7000, 9.5000
32.7000, 17.5000
32.7000, 20.7000
32.7000, 26.3000
32.7161, 32.8631
32.7725, 13.5000
32.7725, 28.7000
32.7725, 29.5000
32.7725, 31.1000
32.7725, 31.9000
32.9089, 17.1206
32.9249, 16.2981
32.9264, 13.9040
32.9289, 15.5076
32.9316, 14.7038
32.9450, 13.0961
32.9486, 25.9301
32.9515, 25.1151
32.9530, 12.3003
32.9768, 22.6850
32.9872, 21.1458
32.9978, 21.9339
33.0328, 23.9032
33.0342, 4.2000
33.0375, 2.7028
33.0449, 5.9947
33.0822, 31.5235
33.1027, 18.8705
33.1185, 11.7088
33.1208, 30.6554
33.1395, 7.4254
33.1635, 28.4260
33.2104, 6.7187
33.2111, 10.2850
33.2710, 14.3167
33.2782, 18.2972
33.2934, 27.0971
33.3429, 3.1131
33.4275, 3.9000
33.4275, 4.7000
33.4275, 6.3000
33.4275, 7.1000
33.4275, 7.9000
33.4275, 11.1000
33.4275, 13.5000
33.4487, 2.3513
33.4487, 29.4487
33.4487, 31.0487
33.5000, 17.5000
33.5000, 32.7000
33.5575, 25.2659
33.5684, 28.9336
33.5725, 9.5000
33.5725, 12.7000
33.5725, 15.1000
33.5725, 16.7000
33.5725, 19.1000
33.5725, 20.7000
33.5725, 22.3000
33.5725, 23.9000
33.5725, 26.3000
33.5725, 27.9000
33.5831, 25.8212
33.6378, 30.2350
33.6549, 12.2636
33.6575, 21.8633
33.6582, 31.7341
33.6649, 19.5736
33.6677, 14.6803
33.6737, 17.1174
33.6752, 20.2182
33.7049, 32.1115
33.7509, 2.6804
33.7613, 30.7251
33.7783, 13.8773
33.7997, 13.1482
33.8502, 5.9654
33.8689, 4.3520
33.9023, 24.2692
33.9218, 3.3744
33.9557, 28.3260
34.0822, 23.4939
34.1148, 12.2718
34.1174, 21.8715
34.1248, 19.5818
34.1263, 14.6826
34.1323, 17.1197
34.1351, 20.2264
34.2275, 3.9000
34.2275, 4.7000
34.2275, 6.3000
34.2275, 7.9000
34.2275, 9.5000
34.2275, 11.1000
34.2275, 12.7000
34.2275, 15.1000
34.2275, 16.7000
34.2275, 19.1000
34.2275, 20.7000
34.2275, 22.3000
34.2275, 23.9000
34.2275, 26.3000
34.2275, 27.9000
34.2390, 25.8206
34.2487, 2.3513
34.2487, 29.4487
34.2487, 31.0487
34.2487, 32.6487
34.3000, 17.5000
34.3000, 24.7000
34.4471, 18.1780
34.4561, 8.6857
34.4629, 19.9202
34.4684, 28.5990
34.4692, 5.4799
34.4694, 23.2105
34.4733, 25.4152
34.4741, 30.3190
34.4786, 21.5391
34.4794, 7.1052
34.4826, 31.8174
34.4857, 10.3404
34.4857, 27.2427
34.4908, 3.0311
34.5180, 14.2410
34.5233, 11.8271
34.5259, 16.0095
